duration=65.88800000000001

entities={
	
	
	
	{
		entity_name="Layer_s038xa_nrml_Kress_hi_01_City",
		type=SCENE,
		template_name="",
		lt_grp=0,
		srt_grp=0,
		usr_flg=0,
		spatialprops={
			pos={
				0,
				0,
				0
			},
			orient={
				{
					1,
					0,
					0
				},
				{
					0,
					1,
					0
				},
				{
					0,
					0,
					1
				}
			}
		},
		up=Y_AXIS,
		front=Z_AXIS,
		ambient={
			0,
			0,
			0
		},
		userprops={
			TextStart="0.75000",
			TextString="259617.00000"
		}
	},
	{
		entity_name="Char_Juni",
		type=DEFORMABLE,
		template_name="juni",
		lt_grp=0,
		srt_grp=0,
		usr_flg=0,
		flags=LIT_DYNAMIC,
		spatialprops={
			pos={
				-4.12319,
				0,
				2.005666
			},
			orient={
				{
					0.809281,
					0,
					-0.587422
				},
				{
					0,
					1,
					0
				},
				{
					0.587422,
					0,
					0.809281
				}
			}
		},
		compoundprops={
			floor_height=0
		},
		userprops={
			actor="juni",
			category="Character"
		}
	},
	{
		entity_name="Char_Quintaine",
		type=DEFORMABLE,
		template_name="quintaine",
		lt_grp=0,
		srt_grp=0,
		usr_flg=0,
		flags=LIT_DYNAMIC,
		spatialprops={
			pos={
				-3.195517,
				0,
				2.66514
			},
			orient={
				{
					0.888047,
					0,
					-0.459753
				},
				{
					0,
					1,
					0
				},
				{
					0.459753,
					0,
					0.888047
				}
			}
		},
		compoundprops={
			floor_height=0
		},
		userprops={
			actor="quintaine",
			category="Character"
		}
	},
	{
		entity_name="Char_Sinclair",
		type=DEFORMABLE,
		template_name="sinclair",
		lt_grp=0,
		srt_grp=0,
		usr_flg=0,
		flags=LIT_DYNAMIC,
		spatialprops={
			pos={
				-2.861696,
				0,
				1.893458
			},
			orient={
				{
					0.862684,
					0,
					-0.5057430000000001
				},
				{
					0,
					1,
					0
				},
				{
					0.5057430000000001,
					0,
					0.862684
				}
			}
		},
		compoundprops={
			floor_height=0
		},
		userprops={
			actor="sinclair",
			category="Character"
		}
	},
	{
		entity_name="Char_Trent",
		type=DEFORMABLE,
		template_name="trent",
		lt_grp=0,
		srt_grp=0,
		usr_flg=0,
		flags=LIT_DYNAMIC,
		spatialprops={
			pos={
				-2.359172,
				0,
				1.300758
			},
			orient={
				{
					0.868988,
					0,
					-0.494834
				},
				{
					0,
					1,
					0
				},
				{
					0.494834,
					0,
					0.868988
				}
			}
		},
		compoundprops={
			floor_height=0
		},
		userprops={
			actor="player",
			category="Character"
		}
	},
	{
		entity_name="Cam_Monitor_s038xa",
		type=MONITOR,
		template_name="",
		lt_grp=0,
		srt_grp=0,
		usr_flg=0,
		userprops={
			Priority="Monitor_Moving_1"
		}
	},
	{
		entity_name="Char_big_man",
		type=DEFORMABLE,
		template_name="big_man",
		lt_grp=0,
		srt_grp=0,
		usr_flg=0,
		flags=LIT_DYNAMIC,
		spatialprops={
			pos={
				-25.073109,
				0,
				-19.834656
			},
			orient={
				{
					-0.997806,
					0,
					0.066208
				},
				{
					0,
					1,
					0
				},
				{
					-0.066208,
					0,
					-0.997806
				}
			}
		},
		compoundprops={
			floor_height=0
		},
		userprops={
			actor="big_man_01",
			category="Character"
		}
	},
	{
		entity_name="Char_Kress",
		type=DEFORMABLE,
		template_name="kress",
		lt_grp=0,
		srt_grp=0,
		usr_flg=0,
		flags=LIT_DYNAMIC,
		spatialprops={
			pos={
				209.741516,
				0,
				-160.97168
			},
			orient={
				{
					-0.029513,
					0,
					0.999564
				},
				{
					0,
					1,
					0
				},
				{
					-0.999564,
					0,
					-0.029513
				}
			}
		},
		compoundprops={
			floor_height=0
		},
		userprops={
			actor="kress",
			category="Character"
		}
	},
	{
		entity_name="dx_s038x_0101_Trent",
		type=SOUND,
		template_name="dx_s038x_0101_Trent",
		lt_grp=0,
		srt_grp=0,
		usr_flg=0,
		spatialprops={
			pos={
				0,
				0,
				0
			},
			orient={
				{
					1,
					0,
					0
				},
				{
					0,
					1,
					0
				},
				{
					0,
					0,
					1
				}
			}
		},
		audioprops={
			attenuation=-1,
			pan=0,
			dmin=50,
			dmax=1000,
			ain=360,
			aout=360,
			atout=0,
			rmix=0
		},
		userprops={
			category="Audio"
		}
	},
	{
		entity_name="dx_s038x_0501_Quintaine",
		type=SOUND,
		template_name="dx_s038x_0501_Quintaine",
		lt_grp=0,
		srt_grp=0,
		usr_flg=0,
		spatialprops={
			pos={
				0,
				0,
				0
			},
			orient={
				{
					1,
					0,
					0
				},
				{
					0,
					1,
					0
				},
				{
					0,
					0,
					1
				}
			}
		},
		audioprops={
			attenuation=-1,
			pan=0,
			dmin=50,
			dmax=1000,
			ain=360,
			aout=360,
			atout=0,
			rmix=0
		},
		userprops={
			category="Audio"
		}
	},
	{
		entity_name="dx_s038x_0501b_Quintaine",
		type=SOUND,
		template_name="dx_s038x_0501b_Quintaine",
		lt_grp=0,
		srt_grp=0,
		usr_flg=0,
		spatialprops={
			pos={
				0,
				0,
				0
			},
			orient={
				{
					1,
					0,
					0
				},
				{
					0,
					1,
					0
				},
				{
					0,
					0,
					1
				}
			}
		},
		audioprops={
			attenuation=-1,
			pan=0,
			dmin=50,
			dmax=1000,
			ain=360,
			aout=360,
			atout=0,
			rmix=0
		},
		userprops={
			category="Audio"
		}
	},
	{
		entity_name="dx_s038x_0601_Big_Man_01",
		type=SOUND,
		template_name="dx_s038x_0601_Big_Man_01",
		lt_grp=0,
		srt_grp=0,
		usr_flg=0,
		spatialprops={
			pos={
				0,
				0,
				0
			},
			orient={
				{
					1,
					0,
					0
				},
				{
					0,
					1,
					0
				},
				{
					0,
					0,
					1
				}
			}
		},
		audioprops={
			attenuation=-1,
			pan=0,
			dmin=50,
			dmax=1000,
			ain=360,
			aout=360,
			atout=0,
			rmix=0
		},
		userprops={
			category="Audio"
		}
	},
	{
		entity_name="dx_s038x_0701_Quintaine",
		type=SOUND,
		template_name="dx_s038x_0701_Quintaine",
		lt_grp=0,
		srt_grp=0,
		usr_flg=0,
		spatialprops={
			pos={
				0,
				0,
				0
			},
			orient={
				{
					1,
					0,
					0
				},
				{
					0,
					1,
					0
				},
				{
					0,
					0,
					1
				}
			}
		},
		audioprops={
			attenuation=-1,
			pan=0,
			dmin=50,
			dmax=1000,
			ain=360,
			aout=360,
			atout=0,
			rmix=0
		},
		userprops={
			category="Audio"
		}
	},
	{
		entity_name="dx_s038x_0801_Big_Man_01",
		type=SOUND,
		template_name="dx_s038x_0801_Big_Man_01",
		lt_grp=0,
		srt_grp=0,
		usr_flg=0,
		spatialprops={
			pos={
				0,
				0,
				0
			},
			orient={
				{
					1,
					0,
					0
				},
				{
					0,
					1,
					0
				},
				{
					0,
					0,
					1
				}
			}
		},
		audioprops={
			attenuation=-1,
			pan=0,
			dmin=50,
			dmax=1000,
			ain=360,
			aout=360,
			atout=0,
			rmix=0
		},
		userprops={
			category="Audio"
		}
	},
	{
		entity_name="dx_s038x_0901_Quintaine",
		type=SOUND,
		template_name="dx_s038x_0901_Quintaine",
		lt_grp=0,
		srt_grp=0,
		usr_flg=0,
		spatialprops={
			pos={
				0,
				0,
				0
			},
			orient={
				{
					1,
					0,
					0
				},
				{
					0,
					1,
					0
				},
				{
					0,
					0,
					1
				}
			}
		},
		audioprops={
			attenuation=-1,
			pan=0,
			dmin=50,
			dmax=1000,
			ain=360,
			aout=360,
			atout=0,
			rmix=0
		},
		userprops={
			category="Audio"
		}
	},
	{
		entity_name="dx_s038x_1001_Big_Man_01",
		type=SOUND,
		template_name="dx_s038x_1001_Big_Man_01",
		lt_grp=0,
		srt_grp=0,
		usr_flg=0,
		spatialprops={
			pos={
				0,
				0,
				0
			},
			orient={
				{
					1,
					0,
					0
				},
				{
					0,
					1,
					0
				},
				{
					0,
					0,
					1
				}
			}
		},
		audioprops={
			attenuation=-1,
			pan=0,
			dmin=50,
			dmax=1000,
			ain=360,
			aout=360,
			atout=0,
			rmix=0
		},
		userprops={
			category="Audio"
		}
	},
	{
		entity_name="dx_s038x_1101_Trent",
		type=SOUND,
		template_name="dx_s038x_1101_Trent",
		lt_grp=0,
		srt_grp=0,
		usr_flg=0,
		spatialprops={
			pos={
				0,
				0,
				0
			},
			orient={
				{
					1,
					0,
					0
				},
				{
					0,
					1,
					0
				},
				{
					0,
					0,
					1
				}
			}
		},
		audioprops={
			attenuation=-1,
			pan=0,
			dmin=50,
			dmax=1000,
			ain=360,
			aout=360,
			atout=0,
			rmix=0
		},
		userprops={
			category="Audio"
		}
	},
	{
		entity_name="dx_s038x_1301_Trent",
		type=SOUND,
		template_name="dx_s038x_1301_Trent",
		lt_grp=0,
		srt_grp=0,
		usr_flg=0,
		spatialprops={
			pos={
				0,
				0,
				0
			},
			orient={
				{
					1,
					0,
					0
				},
				{
					0,
					1,
					0
				},
				{
					0,
					0,
					1
				}
			}
		},
		audioprops={
			attenuation=0,
			pan=0,
			dmin=50,
			dmax=1000,
			ain=360,
			aout=360,
			atout=0,
			rmix=0
		},
		userprops={
			category="Audio"
		}
	},
	{
		entity_name="dx_s038x_1401_Big_Man_01",
		type=SOUND,
		template_name="dx_s038x_1401_Big_Man_01",
		lt_grp=0,
		srt_grp=0,
		usr_flg=0,
		spatialprops={
			pos={
				0,
				0,
				0
			},
			orient={
				{
					1,
					0,
					0
				},
				{
					0,
					1,
					0
				},
				{
					0,
					0,
					1
				}
			}
		},
		audioprops={
			attenuation=-1,
			pan=0,
			dmin=50,
			dmax=1000,
			ain=360,
			aout=360,
			atout=0,
			rmix=0
		},
		userprops={
			category="Audio"
		}
	},
	{
		entity_name="dx_s038x_1501_Big_Man_01",
		type=SOUND,
		template_name="dx_s038x_1501_Big_Man_01",
		lt_grp=0,
		srt_grp=0,
		usr_flg=0,
		spatialprops={
			pos={
				0,
				0,
				0
			},
			orient={
				{
					1,
					0,
					0
				},
				{
					0,
					1,
					0
				},
				{
					0,
					0,
					1
				}
			}
		},
		audioprops={
			attenuation=-1,
			pan=0,
			dmin=50,
			dmax=1000,
			ain=360,
			aout=360,
			atout=0,
			rmix=0
		},
		userprops={
			category="Audio"
		}
	},
	{
		entity_name="dx_s038x_1701_Kress",
		type=SOUND,
		template_name="dx_s038x_1701_Kress",
		lt_grp=0,
		srt_grp=0,
		usr_flg=0,
		spatialprops={
			pos={
				0,
				0,
				0
			},
			orient={
				{
					1,
					0,
					0
				},
				{
					0,
					1,
					0
				},
				{
					0,
					0,
					1
				}
			}
		},
		audioprops={
			attenuation=-1,
			pan=50,
			dmin=50,
			dmax=1000,
			ain=360,
			aout=360,
			atout=0,
			rmix=0
		},
		userprops={
			category="Audio"
		}
	},
	{
		entity_name="dx_s038x_1801_Kress",
		type=SOUND,
		template_name="dx_s038x_1801_Kress",
		lt_grp=0,
		srt_grp=0,
		usr_flg=0,
		spatialprops={
			pos={
				0,
				0,
				0
			},
			orient={
				{
					1,
					0,
					0
				},
				{
					0,
					1,
					0
				},
				{
					0,
					0,
					1
				}
			}
		},
		audioprops={
			attenuation=-1,
			pan=0,
			dmin=50,
			dmax=1000,
			ain=360,
			aout=360,
			atout=0,
			rmix=0
		},
		userprops={
			category="Audio"
		}
	},
	{
		entity_name="dx_s038x_1901_Quintaine",
		type=SOUND,
		template_name="dx_s038x_1901_Quintaine",
		lt_grp=0,
		srt_grp=0,
		usr_flg=0,
		spatialprops={
			pos={
				0,
				0,
				0
			},
			orient={
				{
					1,
					0,
					0
				},
				{
					0,
					1,
					0
				},
				{
					0,
					0,
					1
				}
			}
		},
		audioprops={
			attenuation=-1,
			pan=0,
			dmin=50,
			dmax=1000,
			ain=360,
			aout=360,
			atout=0,
			rmix=0
		},
		userprops={
			category="Audio"
		}
	},
	{
		entity_name="dx_s038x_2001_Kress",
		type=SOUND,
		template_name="dx_s038x_2001_Kress",
		lt_grp=0,
		srt_grp=0,
		usr_flg=0,
		spatialprops={
			pos={
				0,
				0,
				0
			},
			orient={
				{
					1,
					0,
					0
				},
				{
					0,
					1,
					0
				},
				{
					0,
					0,
					1
				}
			}
		},
		audioprops={
			attenuation=-1,
			pan=0,
			dmin=50,
			dmax=1000,
			ain=360,
			aout=360,
			atout=0,
			rmix=0
		},
		userprops={
			category="Audio"
		}
	},
	{
		entity_name="Ship_PlayerShip_1",
		type=COMPOUND,
		template_name="PlayerShip",
		lt_grp=3,
		srt_grp=0,
		usr_flg=0,
		flags=LIT_DYNAMIC,
		spatialprops={
			pos={
				-0.065911,
				0,
				10.699255
			},
			orient={
				{
					0.559561,
					0,
					-0.828789
				},
				{
					0,
					1,
					0
				},
				{
					0.828789,
					0,
					0.559561
				}
			}
		},
		userprops={
			category="Spaceship"
		}
	},
	{
		entity_name="Ship_li_elite",
		type=COMPOUND,
		template_name="li_elite",
		lt_grp=3,
		srt_grp=0,
		usr_flg=0,
		flags=LIT_DYNAMIC,
		spatialprops={
			pos={
				3.281143,
				3.444219,
				-2.144339
			},
			orient={
				{
					0.5074650000000001,
					0.001996,
					-0.8616700000000001
				},
				{
					0,
					0.999997,
					0.002317
				},
				{
					0.861672,
					-0.001176,
					0.507464
				}
			}
		},
		userprops={
			category="Spaceship",
			loadout="MSN07_Juni"
		}
	},
	{
		entity_name="Char_Tr_Mk_loc_02_Reposition",
		type=MARKER,
		template_name="",
		lt_grp=0,
		srt_grp=0,
		usr_flg=0,
		spatialprops={
			pos={
				-19.034847,
				0,
				-14.666004
			},
			orient={
				{
					0.687674,
					0,
					-0.72602
				},
				{
					0,
					1,
					0
				},
				{
					0.72602,
					0,
					0.687674
				}
			}
		}
	},
	{
		entity_name="Char_Q_Mk_loc_02_Reposition",
		type=MARKER,
		template_name="",
		lt_grp=0,
		srt_grp=0,
		usr_flg=0,
		spatialprops={
			pos={
				-20.180059,
				0,
				-14.975648
			},
			orient={
				{
					0.700994,
					0,
					-0.713167
				},
				{
					0,
					1,
					0
				},
				{
					0.713167,
					0,
					0.700994
				}
			}
		}
	},
	{
		entity_name="Char_J_Mk_loc_02_Reposition",
		type=MARKER,
		template_name="",
		lt_grp=0,
		srt_grp=0,
		usr_flg=0,
		spatialprops={
			pos={
				-19.637814,
				0,
				-14.167301
			},
			orient={
				{
					0.704242,
					0,
					-0.70996
				},
				{
					0,
					1,
					0
				},
				{
					0.70996,
					0,
					0.704242
				}
			}
		}
	},
	{
		entity_name="Char_S_Mk_loc_02_Reposition",
		type=MARKER,
		template_name="",
		lt_grp=0,
		srt_grp=0,
		usr_flg=0,
		spatialprops={
			pos={
				-20.31613,
				0,
				-13.901104
			},
			orient={
				{
					0.6687,
					0,
					-0.743532
				},
				{
					0,
					1,
					0
				},
				{
					0.743532,
					0,
					0.6687
				}
			}
		}
	},
	{
		entity_name="Char_Guard_A_or_pi_01",
		type=DEFORMABLE,
		template_name="or_pi_01",
		lt_grp=0,
		srt_grp=0,
		usr_flg=0,
		flags=LIT_DYNAMIC + LIT_AMBIENT,
		spatialprops={
			pos={
				-26.333187,
				0,
				-20.120634
			},
			orient={
				{
					-0.619674,
					0,
					0.78486
				},
				{
					0,
					1,
					0
				},
				{
					-0.78486,
					0,
					-0.619674
				}
			}
		},
		compoundprops={
			floor_height=0
		},
		userprops={
			actor="or_pi_01",
			category="Character"
		}
	},
	{
		entity_name="prop_gun_laser_Guard_A",
		type=COMPOUND,
		template_name="prop_gun_laser_1",
		lt_grp=0,
		srt_grp=0,
		usr_flg=0,
		flags=LIT_DYNAMIC,
		spatialprops={
			pos={
				0,
				0,
				0
			},
			orient={
				{
					1,
					0,
					0
				},
				{
					0,
					1,
					0
				},
				{
					0,
					0,
					1
				}
			}
		},
		userprops={
			category="Prop"
		}
	},
	{
		entity_name="prop_gun_laser_Trent",
		type=COMPOUND,
		template_name="gun_laser_2",
		lt_grp=0,
		srt_grp=0,
		usr_flg=0,
		flags=LIT_DYNAMIC,
		spatialprops={
			pos={
				209.741882,
				0.972919,
				-160.971664
			},
			orient={
				{
					1,
					0,
					0
				},
				{
					0,
					1,
					0
				},
				{
					0,
					0,
					1
				}
			}
		},
		userprops={
			category="Prop"
		}
	},
	{
		entity_name="Char_K_Mk_ort_01",
		type=MARKER,
		template_name="",
		lt_grp=0,
		srt_grp=0,
		usr_flg=0,
		spatialprops={
			pos={
				-31.15617,
				0.969072,
				-22.490131
			},
			orient={
				{
					-0.8827660000000001,
					0,
					0.469813
				},
				{
					0,
					1,
					0
				},
				{
					-0.469813,
					0,
					-0.8827660000000001
				}
			}
		}
	},
	{
		entity_name="Char_K_Mk_loc_01",
		type=MARKER,
		template_name="",
		lt_grp=0,
		srt_grp=0,
		usr_flg=0,
		spatialprops={
			pos={
				-29.062244,
				0.969072,
				-20.756334
			},
			orient={
				{
					0.166214,
					0,
					0.98609
				},
				{
					0,
					1,
					0
				},
				{
					-0.98609,
					0,
					0.166214
				}
			}
		}
	},
	{
		entity_name="Char_Guard_B_or_pi_04",
		type=DEFORMABLE,
		template_name="or_pi_04",
		lt_grp=0,
		srt_grp=0,
		usr_flg=0,
		flags=LIT_DYNAMIC + LIT_AMBIENT,
		spatialprops={
			pos={
				209.741882,
				0,
				-160.972015
			},
			orient={
				{
					-0.999871,
					0,
					0.01608
				},
				{
					0,
					1,
					0
				},
				{
					-0.01608,
					0,
					-0.999871
				}
			}
		},
		compoundprops={
			floor_height=0
		},
		userprops={
			actor="or_pi_04",
			category="Character"
		}
	},
	{
		entity_name="prop_gun_laser_Guard_B",
		type=COMPOUND,
		template_name="prop_gun_laser_1",
		lt_grp=0,
		srt_grp=0,
		usr_flg=0,
		flags=LIT_DYNAMIC,
		spatialprops={
			pos={
				209.741882,
				0.972919,
				-160.971664
			},
			orient={
				{
					1,
					0,
					0
				},
				{
					0,
					1,
					0
				},
				{
					0,
					0,
					1
				}
			}
		},
		userprops={
			category="Prop"
		}
	},
	{
		entity_name="prop_gun_laser_Guard_C",
		type=COMPOUND,
		template_name="prop_gun_laser_1",
		lt_grp=0,
		srt_grp=0,
		usr_flg=0,
		flags=LIT_DYNAMIC,
		spatialprops={
			pos={
				209.741882,
				0.972919,
				-160.971664
			},
			orient={
				{
					1,
					0,
					0
				},
				{
					0,
					1,
					0
				},
				{
					0,
					0,
					1
				}
			}
		},
		userprops={
			category="Prop"
		}
	},
	{
		entity_name="Char_Guard_B_Mk_loc_01",
		type=MARKER,
		template_name="",
		lt_grp=0,
		srt_grp=0,
		usr_flg=0,
		spatialprops={
			pos={
				-19.023581,
				0.972919,
				-12.712826
			},
			orient={
				{
					0.749152,
					0,
					-0.662398
				},
				{
					0,
					1,
					0
				},
				{
					0.662398,
					0,
					0.749152
				}
			}
		}
	},
	{
		entity_name="Char_K_Mk_ort_02",
		type=MARKER,
		template_name="",
		lt_grp=0,
		srt_grp=0,
		usr_flg=0,
		spatialprops={
			pos={
				-24.525024,
				0.952178,
				-20.95418
			},
			orient={
				{
					0.458782,
					-2.4e-005,
					-0.888549
				},
				{
					-4.5e-005,
					1,
					-5e-005
				},
				{
					0.888549,
					6.3e-005,
					0.458782
				}
			}
		}
	},
	{
		entity_name="Cam_01_Wide_from_ships_A",
		type=CAMERA,
		template_name="",
		lt_grp=0,
		srt_grp=0,
		usr_flg=0,
		flags=HIDDEN,
		spatialprops={
			pos={
				2.281501,
				3.862936,
				6.365256
			},
			orient={
				{
					0.6532980000000001,
					0,
					-0.757101
				},
				{
					-0.051932,
					0.997645,
					-0.044812
				},
				{
					0.755317,
					0.068593,
					0.65176
				}
			}
		},
		cameraprops={
			fovh=15,
			hvaspect=1.85,
			nearplane=2,
			farplane=300
		}
	},
	{
		entity_name="Cam_01_Wide_from_ships_B",
		type=CAMERA,
		template_name="",
		lt_grp=0,
		srt_grp=0,
		usr_flg=0,
		flags=HIDDEN,
		spatialprops={
			pos={
				-1.576152,
				1.573666,
				0.669289
			},
			orient={
				{
					0.584022,
					0,
					-0.811738
				},
				{
					-0.06055,
					0.997214,
					-0.043564
				},
				{
					0.809476,
					0.07459300000000001,
					0.582395
				}
			}
		},
		cameraprops={
			fovh=15,
			hvaspect=1.85,
			nearplane=0.4,
			farplane=300
		}
	},
	{
		entity_name="Cam_02_Wide_WalkToGuards_A",
		type=CAMERA,
		template_name="",
		lt_grp=0,
		srt_grp=0,
		usr_flg=0,
		flags=HIDDEN,
		spatialprops={
			pos={
				-13.857308,
				1.050732,
				-23.216017
			},
			orient={
				{
					-0.518979,
					0,
					-0.854787
				},
				{
					0.015807,
					0.999829,
					-0.009597
				},
				{
					0.854641,
					-0.018492,
					-0.51889
				}
			}
		},
		cameraprops={
			fovh=20,
			hvaspect=1.85,
			nearplane=0.4,
			farplane=300
		}
	},
	{
		entity_name="Cam_02_Wide_WalkToGuards_B",
		type=CAMERA,
		template_name="",
		lt_grp=0,
		srt_grp=0,
		usr_flg=0,
		flags=HIDDEN,
		spatialprops={
			pos={
				-19.943604,
				1.227275,
				-23.487572
			},
			orient={
				{
					-0.698579,
					0,
					-0.715533
				},
				{
					-0.044756,
					0.998042,
					0.043695
				},
				{
					0.714132,
					0.06254899999999999,
					-0.697211
				}
			}
		},
		cameraprops={
			fovh=20,
			hvaspect=1.85,
			nearplane=0.4,
			farplane=300
		}
	},
	{
		entity_name="Cam_04_PCO_HeSeesNoOne",
		type=CAMERA,
		template_name="",
		lt_grp=0,
		srt_grp=0,
		usr_flg=0,
		flags=HIDDEN,
		spatialprops={
			pos={
				-24.920746,
				1.660086,
				-20.694445
			},
			orient={
				{
					-0.952827,
					0,
					0.303515
				},
				{
					0.055184,
					0.983332,
					0.17324
				},
				{
					-0.298456,
					0.181817,
					-0.936945
				}
			}
		},
		cameraprops={
			fovh=30,
			hvaspect=1.85,
			nearplane=0.4,
			farplane=300
		}
	},
	{
		entity_name="Cam_06_PCO_GotYourAttention_B",
		type=CAMERA,
		template_name="",
		lt_grp=0,
		srt_grp=0,
		usr_flg=0,
		flags=HIDDEN,
		spatialprops={
			pos={
				-25.074862,
				1.78909,
				-20.240889
			},
			orient={
				{
					-0.868309,
					0,
					0.496023
				},
				{
					0.132168,
					0.963847,
					0.231365
				},
				{
					-0.47809,
					0.266455,
					-0.8369180000000001
				}
			}
		},
		cameraprops={
			fovh=30,
			hvaspect=1.85,
			nearplane=0.2,
			farplane=300
		}
	},
	{
		entity_name="Char_Tr_Mk_loc_04_Scoot",
		type=MARKER,
		template_name="",
		lt_grp=0,
		srt_grp=0,
		usr_flg=0,
		spatialprops={
			pos={
				-23.96376,
				0.972919,
				-19.316408
			},
			orient={
				{
					0.548469,
					0,
					-0.836171
				},
				{
					0,
					1,
					0
				},
				{
					0.836171,
					0,
					0.548469
				}
			}
		}
	},
	{
		entity_name="Char_Tr_Mk_IKhead_Juni",
		type=MARKER,
		template_name="",
		lt_grp=0,
		srt_grp=0,
		usr_flg=0,
		spatialprops={
			pos={
				-6.043288,
				1.662311,
				-2.407549
			},
			orient={
				{
					0.859015,
					0,
					-0.51195
				},
				{
					0,
					1,
					0
				},
				{
					0.51195,
					0,
					0.859015
				}
			}
		}
	},
	{
		entity_name="Char_J_Mk_IKhead_Tr",
		type=MARKER,
		template_name="",
		lt_grp=0,
		srt_grp=0,
		usr_flg=0,
		spatialprops={
			pos={
				-5.331859,
				1.741008,
				-2.630428
			},
			orient={
				{
					0.8329450000000001,
					0,
					-0.553355
				},
				{
					0,
					1,
					0
				},
				{
					0.553355,
					0,
					0.8329450000000001
				}
			}
		}
	},
	{
		entity_name="Cam_05_ACU_Bigman",
		type=CAMERA,
		template_name="",
		lt_grp=0,
		srt_grp=0,
		usr_flg=0,
		flags=HIDDEN,
		spatialprops={
			pos={
				-24.146524,
				1.467905,
				-20.121759
			},
			orient={
				{
					-0.430722,
					0,
					-0.902485
				},
				{
					0.18561,
					0.978622,
					-0.088585
				},
				{
					0.883192,
					-0.205666,
					-0.421514
				}
			}
		},
		cameraprops={
			fovh=20,
			hvaspect=1.85,
			nearplane=0.3,
			farplane=300
		}
	},
	{
		entity_name="Cam_06_PCO_GotYourAttention_A",
		type=CAMERA,
		template_name="",
		lt_grp=0,
		srt_grp=0,
		usr_flg=0,
		flags=HIDDEN,
		spatialprops={
			pos={
				-25.038765,
				1.740475,
				-20.529753
			},
			orient={
				{
					-0.898116,
					0,
					0.439758
				},
				{
					0.100914,
					0.973314,
					0.206097
				},
				{
					-0.428022,
					0.229477,
					-0.874149
				}
			}
		},
		cameraprops={
			fovh=30,
			hvaspect=1.85,
			nearplane=0.3,
			farplane=300
		}
	},
	{
		entity_name="Cam_13_ACO_Kress",
		type=CAMERA,
		template_name="",
		lt_grp=0,
		srt_grp=0,
		usr_flg=0,
		flags=HIDDEN,
		spatialprops={
			pos={
				-23.622255,
				1.701184,
				-19.790165
			},
			orient={
				{
					0.316729,
					0,
					-0.948516
				},
				{
					-0.162052,
					0.985297,
					-0.054113
				},
				{
					0.93457,
					0.170848,
					0.312073
				}
			}
		},
		cameraprops={
			fovh=30,
			hvaspect=1.85,
			nearplane=0.4,
			farplane=300
		}
	},
	{
		entity_name="Cam_17_HighWide_StandDown",
		type=CAMERA,
		template_name="",
		lt_grp=0,
		srt_grp=0,
		usr_flg=0,
		flags=HIDDEN,
		spatialprops={
			pos={
				-21.668163,
				2.19008,
				-17.689465
			},
			orient={
				{
					0.376826,
					0,
					-0.926284
				},
				{
					-0.303332,
					0.944861,
					-0.1234
				},
				{
					0.875209,
					0.327472,
					0.356048
				}
			}
		},
		cameraprops={
			fovh=30,
			hvaspect=1.85,
			nearplane=0.4,
			farplane=300
		}
	},
	{
		entity_name="Cam_18_ACO_Bigman_Sneer_A",
		type=CAMERA,
		template_name="",
		lt_grp=0,
		srt_grp=0,
		usr_flg=0,
		flags=HIDDEN,
		spatialprops={
			pos={
				-23.793772,
				1.67367,
				-20.062372
			},
			orient={
				{
					-0.372233,
					0,
					-0.9281390000000001
				},
				{
					-0.10088,
					0.994076,
					0.040458
				},
				{
					0.922641,
					0.108691,
					-0.370028
				}
			}
		},
		cameraprops={
			fovh=20,
			hvaspect=1.85,
			nearplane=0.4,
			farplane=300
		}
	},
	{
		entity_name="Char_Tr_Mk_IKarm_LowRt_Gun_02",
		type=MARKER,
		template_name="",
		lt_grp=0,
		srt_grp=0,
		usr_flg=0,
		spatialprops={
			pos={
				-24.408625,
				1.386551,
				-19.801096
			},
			orient={
				{
					0.548976,
					0,
					-0.835838
				},
				{
					0,
					1,
					0
				},
				{
					0.835838,
					0,
					0.548976
				}
			}
		}
	},
	{
		entity_name="Char_Tr_Mk_IKarm_upRt_Gun_02",
		type=MARKER,
		template_name="",
		lt_grp=0,
		srt_grp=0,
		usr_flg=0,
		spatialprops={
			pos={
				-24.282801,
				1.333792,
				-19.804272
			},
			orient={
				{
					0.548976,
					0,
					-0.835838
				},
				{
					0,
					1,
					0
				},
				{
					0.835838,
					0,
					0.548976
				}
			}
		}
	},
	{
		entity_name="Char_Tr_Mk_IKtorso_Gun",
		type=MARKER,
		template_name="",
		lt_grp=0,
		srt_grp=0,
		usr_flg=0,
		spatialprops={
			pos={
				-24.390057,
				1.239923,
				-19.553341
			},
			orient={
				{
					0.548976,
					0,
					-0.835838
				},
				{
					0,
					1,
					0
				},
				{
					0.835838,
					0,
					0.548976
				}
			}
		}
	},
	{
		entity_name="Char_Tr_Mk_IKhand_Rt_Gun_aim_01",
		type=MARKER,
		template_name="",
		lt_grp=0,
		srt_grp=0,
		usr_flg=0,
		spatialprops={
			pos={
				-25.029488,
				1.605417,
				-19.817804
			},
			orient={
				{
					0.178486,
					-0.047857,
					-0.982778
				},
				{
					-0.972208,
					-0.162376,
					-0.168659
				},
				{
					-0.151507,
					0.985568,
					-0.07550900000000001
				}
			}
		}
	},
	{
		entity_name="Char_Tr_Mk_IKhand_Rt_Gun_aim_02",
		type=MARKER,
		template_name="",
		lt_grp=0,
		srt_grp=0,
		usr_flg=0,
		spatialprops={
			pos={
				-25.034618,
				1.606791,
				-19.789576
			},
			orient={
				{
					0.178486,
					-0.047857,
					-0.982778
				},
				{
					-0.972208,
					-0.162376,
					-0.168659
				},
				{
					-0.151507,
					0.985568,
					-0.07550900000000001
				}
			}
		}
	},
	{
		entity_name="Char_Tr_Mk_IKeyes_OTS_Rt",
		type=MARKER,
		template_name="",
		lt_grp=0,
		srt_grp=0,
		usr_flg=0,
		spatialprops={
			pos={
				-19.282524,
				1.130477,
				-18.469194
			},
			orient={
				{
					0.736009,
					0,
					-0.676972
				},
				{
					0,
					1,
					0
				},
				{
					0.676972,
					0,
					0.736009
				}
			}
		}
	},
	{
		entity_name="Char_Tr_Mk_IKtorso_Juni",
		type=MARKER,
		template_name="",
		lt_grp=0,
		srt_grp=0,
		usr_flg=0,
		spatialprops={
			pos={
				-5.157953,
				1.188618,
				-2.820147
			},
			orient={
				{
					0.831811,
					0,
					-0.5550580000000001
				},
				{
					0,
					1,
					0
				},
				{
					0.5550580000000001,
					0,
					0.831811
				}
			}
		}
	},
	{
		entity_name="char_S_Mk_IKtorso_Q",
		type=MARKER,
		template_name="",
		lt_grp=0,
		srt_grp=0,
		usr_flg=0,
		spatialprops={
			pos={
				-5.964419,
				1.188618,
				-2.489518
			},
			orient={
				{
					0.831811,
					0,
					-0.5550580000000001
				},
				{
					0,
					1,
					0
				},
				{
					0.5550580000000001,
					0,
					0.831811
				}
			}
		}
	},
	{
		entity_name="char_S_Mk_IKarm_upRt_Q",
		type=MARKER,
		template_name="",
		lt_grp=0,
		srt_grp=0,
		usr_flg=0,
		spatialprops={
			pos={
				-24.094194,
				1.320104,
				-18.665785
			},
			orient={
				{
					0.242394,
					0,
					-0.970178
				},
				{
					0,
					1,
					0
				},
				{
					0.970178,
					0,
					0.242394
				}
			}
		}
	},
	{
		entity_name="char_S_Mk_IKarm_lowRt_Q",
		type=MARKER,
		template_name="",
		lt_grp=0,
		srt_grp=0,
		usr_flg=0,
		spatialprops={
			pos={
				-24.148554,
				1.484396,
				-18.741829
			},
			orient={
				{
					0.242394,
					0,
					-0.970178
				},
				{
					0,
					1,
					0
				},
				{
					0.970178,
					0,
					0.242394
				}
			}
		}
	},
	{
		entity_name="Char_BG_Mk_IKeyes_Glance_men",
		type=MARKER,
		template_name="",
		lt_grp=0,
		srt_grp=0,
		usr_flg=0,
		spatialprops={
			pos={
				-24.846916,
				1.604335,
				-20.135237
			},
			orient={
				{
					-0.56925,
					0,
					0.822165
				},
				{
					0,
					1,
					0
				},
				{
					-0.822165,
					0,
					-0.56925
				}
			}
		}
	}
	,
	{
		entity_name="Char_BG_Mk_IKhead_Glance_men_01",
		type=MARKER,
		template_name="",
		lt_grp=0,
		srt_grp=0,
		usr_flg=0,
		spatialprops={
			pos={
				-24.454958,
				1.799443,
				-19.710373
			},
			orient={
				{
					-0.569248,
					1e-006,
					0.822165
				},
				{
					0,
					1,
					0
				},
				{
					-0.822165,
					0,
					-0.569248
				}
			}
		}
	},
	{
		entity_name="Cam_08_HighWide_A",
		type=CAMERA,
		template_name="",
		lt_grp=0,
		srt_grp=0,
		usr_flg=0,
		flags=HIDDEN,
		spatialprops={
			pos={
				-22.564331,
				7.688732,
				-22.936806
			},
			orient={
				{
					-0.910366,
					0,
					-0.413803
				},
				{
					-0.34747,
					0.543055,
					0.764432
				},
				{
					0.224718,
					0.839697,
					-0.494379
				}
			}
		},
		cameraprops={
			fovh=30,
			hvaspect=1.85,
			nearplane=0.4,
			farplane=300
		}
	},
	{
		entity_name="Cam_08_HighWide_B",
		type=CAMERA,
		template_name="",
		lt_grp=0,
		srt_grp=0,
		usr_flg=0,
		flags=HIDDEN,
		spatialprops={
			pos={
				-22.999878,
				6.061231,
				-21.9786
			},
			orient={
				{
					-0.956358,
					0.09281399999999999,
					-0.277066
				},
				{
					-0.186766,
					0.535065,
					0.823908
				},
				{
					0.224718,
					0.839697,
					-0.494379
				}
			}
		},
		cameraprops={
			fovh=30,
			hvaspect=1.85,
			nearplane=0.4,
			farplane=300
		}
	},
	{
		entity_name="Char_Tr_Mk_IKhead_Glance_Guards",
		type=MARKER,
		template_name="",
		lt_grp=0,
		srt_grp=0,
		usr_flg=0,
		spatialprops={
			pos={
				-25.280279,
				1.574099,
				-20.925898
			},
			orient={
				{
					0.55889,
					0,
					-0.829242
				},
				{
					0,
					1,
					0
				},
				{
					0.829242,
					0,
					0.55889
				}
			}
		}
	},
	{
		entity_name="Cam_09_ACS_GuardC_draws_gun",
		type=CAMERA,
		template_name="",
		lt_grp=0,
		srt_grp=0,
		usr_flg=0,
		flags=HIDDEN,
		spatialprops={
			pos={
				-22.918802,
				1.456368,
				-19.547607
			},
			orient={
				{
					-0.930064,
					0,
					0.367397
				},
				{
					0.016728,
					0.9989630000000001,
					0.042346
				},
				{
					-0.367016,
					0.04553,
					-0.9291
				}
			}
		},
		cameraprops={
			fovh=20,
			hvaspect=1.85,
			nearplane=0.4,
			farplane=300
		}
	},
	{
		entity_name="Cam_10_ACS_GuardB_draws_gun",
		type=CAMERA,
		template_name="",
		lt_grp=0,
		srt_grp=0,
		usr_flg=0,
		flags=HIDDEN,
		spatialprops={
			pos={
				-23.846979,
				1.319842,
				-17.960505
			},
			orient={
				{
					-0.887411,
					0,
					0.460979
				},
				{
					-0.068313,
					0.988959,
					-0.131507
				},
				{
					-0.455889,
					-0.148192,
					-0.877613
				}
			}
		},
		cameraprops={
			fovh=20,
			hvaspect=1.85,
			nearplane=0.4,
			farplane=300
		}
	},
	{
		entity_name="Char_BG_Mk_loc_05",
		type=MARKER,
		template_name="",
		lt_grp=0,
		srt_grp=0,
		usr_flg=0,
		spatialprops={
			pos={
				-25.772371,
				0.981397,
				-19.192505
			},
			orient={
				{
					0.062823,
					0,
					0.9980250000000001
				},
				{
					0,
					1,
					0
				},
				{
					-0.9980250000000001,
					0,
					0.062823
				}
			}
		}
	},
	{
		entity_name="Char_S_Mk_ort_into_walkway",
		type=MARKER,
		template_name="",
		lt_grp=0,
		srt_grp=0,
		usr_flg=0,
		spatialprops={
			pos={
				-24.306358,
				0.940412,
				-17.849276
			},
			orient={
				{
					0.890613,
					0,
					-0.454761
				},
				{
					0,
					1,
					0
				},
				{
					0.454761,
					0,
					0.890613
				}
			}
		}
	},
	{
		entity_name="Char_Tr_Mk_IKtorso_move_at_holdup",
		type=MARKER,
		template_name="",
		lt_grp=0,
		srt_grp=0,
		usr_flg=0,
		spatialprops={
			pos={
				-24.696997,
				1.252535,
				-19.730659
			},
			orient={
				{
					0.803536,
					0,
					-0.595256
				},
				{
					0,
					1,
					0
				},
				{
					0.595256,
					0,
					0.803536
				}
			}
		}
	},
	{
		entity_name="Char_Tr_Mk_IKtorso_move_at_holdup_02",
		type=MARKER,
		template_name="",
		lt_grp=0,
		srt_grp=0,
		usr_flg=0,
		spatialprops={
			pos={
				-24.57336,
				1.252535,
				-19.83198
			},
			orient={
				{
					0.803536,
					0,
					-0.595256
				},
				{
					0,
					1,
					0
				},
				{
					0.595256,
					0,
					0.803536
				}
			}
		}
	},
	{
		entity_name="Cam_07_ASC_GuardA_draws_gun",
		type=CAMERA,
		template_name="",
		lt_grp=0,
		srt_grp=0,
		usr_flg=0,
		flags=HIDDEN,
		spatialprops={
			pos={
				-24.855131,
				1.089138,
				-20.325661
			},
			orient={
				{
					-0.434554,
					0,
					-0.900646
				},
				{
					0.287722,
					0.947599,
					-0.138824
				},
				{
					0.853451,
					-0.319462,
					-0.411783
				}
			}
		},
		cameraprops={
			fovh=20,
			hvaspect=1.85,
			nearplane=0.4,
			farplane=300
		}
	},
	{
		entity_name="Cam_11_PCO",
		type=CAMERA,
		template_name="",
		lt_grp=0,
		srt_grp=0,
		usr_flg=0,
		flags=HIDDEN,
		spatialprops={
			pos={
				-25.281715,
				1.611376,
				-20.600588
			},
			orient={
				{
					-0.8315,
					0,
					0.5555250000000001
				},
				{
					0.003653,
					0.999978,
					0.005468
				},
				{
					-0.555513,
					0.006576,
					-0.8314820000000001
				}
			}
		},
		cameraprops={
			fovh=20,
			hvaspect=1.85,
			nearplane=0.4,
			farplane=300
		}
	},
	{
		entity_name="Cam_18_ACO_Bigman_Sneer_B",
		type=CAMERA,
		template_name="",
		lt_grp=0,
		srt_grp=0,
		usr_flg=0,
		flags=HIDDEN,
		spatialprops={
			pos={
				-23.498823,
				1.702624,
				-19.791613
			},
			orient={
				{
					-0.300686,
					0,
					-0.953723
				},
				{
					-0.110126,
					0.9933110000000001,
					0.03472
				},
				{
					0.947344,
					0.11547,
					-0.298675
				}
			}
		},
		cameraprops={
			fovh=20,
			hvaspect=1.85,
			nearplane=0.4,
			farplane=300
		}
	},
	{
		entity_name="Cam_16_ACOL_Big_Man",
		type=CAMERA,
		template_name="",
		lt_grp=0,
		srt_grp=0,
		usr_flg=0,
		flags=HIDDEN,
		spatialprops={
			pos={
				-23.87903,
				1.304206,
				-20.172174
			},
			orient={
				{
					-0.428968,
					0,
					-0.903319
				},
				{
					0.229403,
					0.967216,
					-0.108939
				},
				{
					0.873705,
					-0.253956,
					-0.414905
				}
			}
		},
		cameraprops={
			fovh=20,
			hvaspect=1.85,
			nearplane=0.4,
			farplane=300
		}
	},
	{
		entity_name="Char_K_Mk_loc_02_outta_the_way",
		type=MARKER,
		template_name="",
		lt_grp=0,
		srt_grp=0,
		usr_flg=0,
		spatialprops={
			pos={
				-25.043913,
				0.973156,
				-21.318504
			},
			orient={
				{
					-0.8927270000000001,
					0,
					0.450597
				},
				{
					0,
					1,
					0
				},
				{
					-0.450597,
					0,
					-0.8927270000000001
				}
			}
		}
	},
	{
		entity_name="Char_BG_Mk_loc_02",
		type=MARKER,
		template_name="",
		lt_grp=0,
		srt_grp=0,
		usr_flg=0,
		spatialprops={
			pos={
				-25.054768,
				0.970624,
				-19.826992
			},
			orient={
				{
					-0.572148,
					0,
					0.8201500000000001
				},
				{
					0,
					1,
					0
				},
				{
					-0.8201500000000001,
					0,
					-0.572148
				}
			}
		}
	},
	{
		entity_name="Char_BG_Mk_loc_01",
		type=MARKER,
		template_name="",
		lt_grp=0,
		srt_grp=0,
		usr_flg=0,
		spatialprops={
			pos={
				-25.073109,
				0.972928,
				-19.834656
			},
			orient={
				{
					0.209429,
					0,
					-0.977824
				},
				{
					0,
					1,
					0
				},
				{
					0.977824,
					0,
					0.209429
				}
			}
		}
	},
	{
		entity_name="Char_Q_Mk_ort_01",
		type=MARKER,
		template_name="",
		lt_grp=0,
		srt_grp=0,
		usr_flg=0,
		spatialprops={
			pos={
				-5.72625,
				0.9635860000000001,
				-2.348282
			},
			orient={
				{
					0.7903170000000001,
					0,
					-0.612698
				},
				{
					0,
					1,
					0
				},
				{
					0.612698,
					0,
					0.7903170000000001
				}
			}
		}
	},
	{
		entity_name="Cam_03_ACO_Bigman",
		type=CAMERA,
		template_name="",
		lt_grp=0,
		srt_grp=0,
		usr_flg=0,
		flags=HIDDEN,
		spatialprops={
			pos={
				-23.634792,
				1.729093,
				-18.869543
			},
			orient={
				{
					0.418827,
					0,
					-0.908066
				},
				{
					-0.097411,
					0.99423,
					-0.044929
				},
				{
					0.902826,
					0.107273,
					0.41641
				}
			}
		},
		cameraprops={
			fovh=20,
			hvaspect=1.85,
			nearplane=0.5,
			farplane=300
		}
	},
	{
		entity_name="Char_Q_Mk_ort_02_Leave",
		type=MARKER,
		template_name="",
		lt_grp=0,
		srt_grp=0,
		usr_flg=0,
		spatialprops={
			pos={
				-24.360172,
				0.945824,
				-18.612072
			},
			orient={
				{
					0.719881,
					0,
					-0.694098
				},
				{
					0,
					1,
					0
				},
				{
					0.694098,
					0,
					0.719881
				}
			}
		}
	},
	{
		entity_name="Char_Trent_fs_ml_steel01_1",
		type=SOUND,
		template_name="fs_ml_steel01",
		lt_grp=0,
		srt_grp=0,
		usr_flg=0,
		spatialprops={
			pos={
				0,
				0,
				0
			},
			orient={
				{
					1,
					0,
					0
				},
				{
					0,
					1,
					0
				},
				{
					0,
					0,
					1
				}
			}
		},
		audioprops={
			attenuation=-26,
			pan=18,
			dmin=50,
			dmax=300,
			ain=360,
			aout=360,
			atout=0,
			rmix=0
		},
		userprops={
			category="Audio",
			Priority="Steps_4"
		}
	},
	{
		entity_name="Char_Trent_fs_mr_steel01_2",
		type=SOUND,
		template_name="fs_mr_steel01",
		lt_grp=0,
		srt_grp=0,
		usr_flg=0,
		spatialprops={
			pos={
				0,
				0,
				0
			},
			orient={
				{
					1,
					0,
					0
				},
				{
					0,
					1,
					0
				},
				{
					0,
					0,
					1
				}
			}
		},
		audioprops={
			attenuation=-25,
			pan=18,
			dmin=50,
			dmax=300,
			ain=360,
			aout=360,
			atout=0,
			rmix=0
		},
		userprops={
			category="Audio",
			Priority="Steps_4"
		}
	},
	{
		entity_name="Char_Trent_fs_ml_steel02_3",
		type=SOUND,
		template_name="fs_ml_steel02",
		lt_grp=0,
		srt_grp=0,
		usr_flg=0,
		spatialprops={
			pos={
				0,
				0,
				0
			},
			orient={
				{
					1,
					0,
					0
				},
				{
					0,
					1,
					0
				},
				{
					0,
					0,
					1
				}
			}
		},
		audioprops={
			attenuation=-24,
			pan=20,
			dmin=50,
			dmax=300,
			ain=360,
			aout=360,
			atout=0,
			rmix=0
		},
		userprops={
			category="Audio",
			Priority="Steps_4"
		}
	},
	{
		entity_name="Char_Trent_fs_mr_steel02_4",
		type=SOUND,
		template_name="fs_mr_steel02",
		lt_grp=0,
		srt_grp=0,
		usr_flg=0,
		spatialprops={
			pos={
				0,
				0,
				0
			},
			orient={
				{
					1,
					0,
					0
				},
				{
					0,
					1,
					0
				},
				{
					0,
					0,
					1
				}
			}
		},
		audioprops={
			attenuation=-23,
			pan=20,
			dmin=50,
			dmax=300,
			ain=360,
			aout=360,
			atout=0,
			rmix=0
		},
		userprops={
			category="Audio",
			Priority="Steps_4"
		}
	},
	{
		entity_name="Char_Trent_fs_ml_steel03_5",
		type=SOUND,
		template_name="fs_ml_steel03",
		lt_grp=0,
		srt_grp=0,
		usr_flg=0,
		spatialprops={
			pos={
				0,
				0,
				0
			},
			orient={
				{
					1,
					0,
					0
				},
				{
					0,
					1,
					0
				},
				{
					0,
					0,
					1
				}
			}
		},
		audioprops={
			attenuation=-22,
			pan=22,
			dmin=50,
			dmax=300,
			ain=360,
			aout=360,
			atout=0,
			rmix=0
		},
		userprops={
			category="Audio",
			Priority="Steps_4"
		}
	},
	{
		entity_name="Char_Trent_fs_mr_steel03_6",
		type=SOUND,
		template_name="fs_mr_steel03",
		lt_grp=0,
		srt_grp=0,
		usr_flg=0,
		spatialprops={
			pos={
				0,
				0,
				0
			},
			orient={
				{
					1,
					0,
					0
				},
				{
					0,
					1,
					0
				},
				{
					0,
					0,
					1
				}
			}
		},
		audioprops={
			attenuation=-20,
			pan=23,
			dmin=50,
			dmax=300,
			ain=360,
			aout=360,
			atout=0,
			rmix=0
		},
		userprops={
			category="Audio",
			Priority="Steps_4"
		}
	},
	{
		entity_name="Char_Trent_fs_ml_steel04_7",
		type=SOUND,
		template_name="fs_ml_steel04",
		lt_grp=0,
		srt_grp=0,
		usr_flg=0,
		spatialprops={
			pos={
				0,
				0,
				0
			},
			orient={
				{
					1,
					0,
					0
				},
				{
					0,
					1,
					0
				},
				{
					0,
					0,
					1
				}
			}
		},
		audioprops={
			attenuation=-21,
			pan=25,
			dmin=50,
			dmax=300,
			ain=360,
			aout=360,
			atout=0,
			rmix=0
		},
		userprops={
			category="Audio",
			Priority="Steps_4"
