duration=51.312

entities={
	
	
	{
		entity_name="Layer_Scene_s067b_accept",
		type=SCENE,
		template_name="",
		lt_grp=0,
		srt_grp=0,
		usr_flg=0,
		spatialprops={
			pos={
				0,
				0,
				0
			},
			orient={
				{
					1,
					0,
					0
				},
				{
					0,
					1,
					0
				},
				{
					0,
					0,
					1
				}
			}
		},
		up=Y_AXIS,
		front=Z_AXIS,
		ambient={
			128,
			128,
			128
		}
	},
	{
		entity_name="dx_s067b_0101_Trent_8",
		type=SOUND,
		template_name="dx_s067b_0101_Trent",
		lt_grp=0,
		srt_grp=0,
		usr_flg=0,
		spatialprops={
			pos={
				0,
				0,
				0
			},
			orient={
				{
					1,
					0,
					0
				},
				{
					0,
					1,
					0
				},
				{
					0,
					0,
					1
				}
			}
		},
		audioprops={
			attenuation=-1,
			pan=0,
			dmin=50,
			dmax=1000,
			ain=360,
			aout=360,
			atout=0,
			rmix=0
		},
		userprops={
			category="Audio"
		}
	},
	{
		entity_name="dx_s067b_0201_Orillion_9",
		type=SOUND,
		template_name="dx_s067b_0201_Orillion",
		lt_grp=0,
		srt_grp=0,
		usr_flg=0,
		spatialprops={
			pos={
				0,
				0,
				0
			},
			orient={
				{
					1,
					0,
					0
				},
				{
					0,
					1,
					0
				},
				{
					0,
					0,
					1
				}
			}
		},
		audioprops={
			attenuation=-1,
			pan=0,
			dmin=50,
			dmax=1000,
			ain=360,
			aout=360,
			atout=0,
			rmix=0
		},
		userprops={
			category="Audio"
		}
	},
	{
		entity_name="dx_s067b_0202_Orillion_10",
		type=SOUND,
		template_name="dx_s067b_0202_Orillion",
		lt_grp=0,
		srt_grp=0,
		usr_flg=0,
		spatialprops={
			pos={
				0,
				0,
				0
			},
			orient={
				{
					1,
					0,
					0
				},
				{
					0,
					1,
					0
				},
				{
					0,
					0,
					1
				}
			}
		},
		audioprops={
			attenuation=-1,
			pan=0,
			dmin=50,
			dmax=1000,
			ain=360,
			aout=360,
			atout=0,
			rmix=0
		},
		userprops={
			category="Audio"
		}
	},
	{
		entity_name="dx_s067b_0501_Trent_13",
		type=SOUND,
		template_name="dx_s067b_0501_Trent",
		lt_grp=0,
		srt_grp=0,
		usr_flg=0,
		spatialprops={
			pos={
				0,
				0,
				0
			},
			orient={
				{
					1,
					0,
					0
				},
				{
					0,
					1,
					0
				},
				{
					0,
					0,
					1
				}
			}
		},
		audioprops={
			attenuation=-1,
			pan=0,
			dmin=50,
			dmax=1000,
			ain=360,
			aout=360,
			atout=0,
			rmix=0
		},
		userprops={
			category="Audio"
		}
	},
	{
		entity_name="dx_s067b_0601_Orillion_14",
		type=SOUND,
		template_name="dx_s067b_0601_Orillion",
		lt_grp=0,
		srt_grp=0,
		usr_flg=0,
		spatialprops={
			pos={
				0,
				0,
				0
			},
			orient={
				{
					1,
					0,
					0
				},
				{
					0,
					1,
					0
				},
				{
					0,
					0,
					1
				}
			}
		},
		audioprops={
			attenuation=-1,
			pan=0,
			dmin=50,
			dmax=1000,
			ain=360,
			aout=360,
			atout=0,
			rmix=0
		},
		userprops={
			category="Audio"
		}
	},
	{
		entity_name="dx_s067b_0701_juni_15",
		type=SOUND,
		template_name="dx_s067b_0701_juni",
		lt_grp=0,
		srt_grp=0,
		usr_flg=0,
		spatialprops={
			pos={
				0,
				0,
				0
			},
			orient={
				{
					1,
					0,
					0
				},
				{
					0,
					1,
					0
				},
				{
					0,
					0,
					1
				}
			}
		},
		audioprops={
			attenuation=-1,
			pan=0,
			dmin=50,
			dmax=1000,
			ain=360,
			aout=360,
			atout=0,
			rmix=0
		},
		userprops={
			category="Audio"
		}
	},
	{
		entity_name="dx_s067b_0801_Orillion_16",
		type=SOUND,
		template_name="dx_s067b_0801_Orillion",
		lt_grp=0,
		srt_grp=0,
		usr_flg=0,
		spatialprops={
			pos={
				0,
				0,
				0
			},
			orient={
				{
					1,
					0,
					0
				},
				{
					0,
					1,
					0
				},
				{
					0,
					0,
					1
				}
			}
		},
		audioprops={
			attenuation=-1,
			pan=0,
			dmin=50,
			dmax=1000,
			ain=360,
			aout=360,
			atout=0,
			rmix=0
		},
		userprops={
			category="Audio"
		}
	},
	{
		entity_name="dx_s067b_0802_Orillion_17",
		type=SOUND,
		template_name="dx_s067b_0802_Orillion",
		lt_grp=0,
		srt_grp=0,
		usr_flg=0,
		spatialprops={
			pos={
				0,
				0,
				0
			},
			orient={
				{
					1,
					0,
					0
				},
				{
					0,
					1,
					0
				},
				{
					0,
					0,
					1
				}
			}
		},
		audioprops={
			attenuation=-1,
			pan=0,
			dmin=50,
			dmax=1000,
			ain=360,
			aout=360,
			atout=0,
			rmix=0
		},
		userprops={
			category="Audio"
		}
	},
	{
		entity_name="dx_s067b_0901_juni_18",
		type=SOUND,
		template_name="dx_s067b_0901_juni",
		lt_grp=0,
		srt_grp=0,
		usr_flg=0,
		spatialprops={
			pos={
				0,
				0,
				0
			},
			orient={
				{
					1,
					0,
					0
				},
				{
					0,
					1,
					0
				},
				{
					0,
					0,
					1
				}
			}
		},
		audioprops={
			attenuation=-1,
			pan=0,
			dmin=50,
			dmax=1000,
			ain=360,
			aout=360,
			atout=0,
			rmix=0
		},
		userprops={
			category="Audio"
		}
	},
	{
		entity_name="dx_s067b_1001_Orillion_19",
		type=SOUND,
		template_name="dx_s067b_1001_Orillion",
		lt_grp=0,
		srt_grp=0,
		usr_flg=0,
		spatialprops={
			pos={
				0,
				0,
				0
			},
			orient={
				{
					1,
					0,
					0
				},
				{
					0,
					1,
					0
				},
				{
					0,
					0,
					1
				}
			}
		},
		audioprops={
			attenuation=-1,
			pan=0,
			dmin=50,
			dmax=1000,
			ain=360,
			aout=360,
			atout=0,
			rmix=0
		},
		userprops={
			category="Audio"
		}
	},
	{
		entity_name="dx_s067b_1101_juni_20",
		type=SOUND,
		template_name="dx_s067b_1101_juni",
		lt_grp=0,
		srt_grp=0,
		usr_flg=0,
		spatialprops={
			pos={
				0,
				0,
				0
			},
			orient={
				{
					1,
					0,
					0
				},
				{
					0,
					1,
					0
				},
				{
					0,
					0,
					1
				}
			}
		},
		audioprops={
			attenuation=-1,
			pan=0,
			dmin=50,
			dmax=1000,
			ain=360,
			aout=360,
			atout=0,
			rmix=0
		},
		userprops={
			category="Audio"
		}
	},
	{
		entity_name="dx_s067b_1201_Orillion_21",
		type=SOUND,
		template_name="dx_s067b_1201_Orillion",
		lt_grp=0,
		srt_grp=0,
		usr_flg=0,
		spatialprops={
			pos={
				0,
				0,
				0
			},
			orient={
				{
					1,
					0,
					0
				},
				{
					0,
					1,
					0
				},
				{
					0,
					0,
					1
				}
			}
		},
		audioprops={
			attenuation=-1,
			pan=0,
			dmin=50,
			dmax=1000,
			ain=360,
			aout=360,
			atout=0,
			rmix=0
		},
		userprops={
			category="Audio"
		}
	},
	{
		entity_name="dx_s067b_1301_juni_22",
		type=SOUND,
		template_name="dx_s067b_1301_juni",
		lt_grp=0,
		srt_grp=0,
		usr_flg=0,
		spatialprops={
			pos={
				0,
				0,
				0
			},
			orient={
				{
					1,
					0,
					0
				},
				{
					0,
					1,
					0
				},
				{
					0,
					0,
					1
				}
			}
		},
		audioprops={
			attenuation=-1,
			pan=0,
			dmin=50,
			dmax=1000,
			ain=360,
			aout=360,
			atout=0,
			rmix=0
		},
		userprops={
			category="Audio"
		}
	},
	{
		entity_name="dx_s067b_1401_Orillion_23",
		type=SOUND,
		template_name="dx_s067b_1401_Orillion",
		lt_grp=0,
		srt_grp=0,
		usr_flg=0,
		spatialprops={
			pos={
				0,
				0,
				0
			},
			orient={
				{
					1,
					0,
					0
				},
				{
					0,
					1,
					0
				},
				{
					0,
					0,
					1
				}
			}
		},
		audioprops={
			attenuation=-1,
			pan=0,
			dmin=50,
			dmax=1000,
			ain=360,
			aout=360,
			atout=0,
			rmix=0
		},
		userprops={
			category="Audio"
		}
	},
	{
		entity_name="dx_s067b_1501_Akira_24",
		type=SOUND,
		template_name="dx_s067b_1501_Akira",
		lt_grp=0,
		srt_grp=0,
		usr_flg=0,
		spatialprops={
			pos={
				0,
				0,
				0
			},
			orient={
				{
					1,
					0,
					0
				},
				{
					0,
					1,
					0
				},
				{
					0,
					0,
					1
				}
			}
		},
		audioprops={
			attenuation=-1,
			pan=0,
			dmin=50,
			dmax=1000,
			ain=360,
			aout=360,
			atout=0,
			rmix=0
		},
		userprops={
			category="Audio"
		}
	},
	{
		entity_name="dx_s067b_1601_Trent_25",
		type=SOUND,
		template_name="dx_s067b_1601_Trent",
		lt_grp=0,
		srt_grp=0,
		usr_flg=0,
		spatialprops={
			pos={
				0,
				0,
				0
			},
			orient={
				{
					1,
					0,
					0
				},
				{
					0,
					1,
					0
				},
				{
					0,
					0,
					1
				}
			}
		},
		audioprops={
			attenuation=-1,
			pan=0,
			dmin=50,
			dmax=1000,
			ain=360,
			aout=360,
			atout=0,
			rmix=0
		},
		userprops={
			category="Audio"
		}
	},
	{
		entity_name="dx_s067b_1701_Akira_26",
		type=SOUND,
		template_name="dx_s067b_1701_Akira",
		lt_grp=0,
		srt_grp=0,
		usr_flg=0,
		spatialprops={
			pos={
				0,
				0,
				0
			},
			orient={
				{
					1,
					0,
					0
				},
				{
					0,
					1,
					0
				},
				{
					0,
					0,
					1
				}
			}
		},
		audioprops={
			attenuation=-1,
			pan=0,
			dmin=50,
			dmax=1000,
			ain=360,
			aout=360,
			atout=0,
			rmix=0
		},
		userprops={
			category="Audio"
		}
	},
	{
		entity_name="dx_s067b_1801_Trent_27",
		type=SOUND,
		template_name="dx_s067b_1801_Trent",
		lt_grp=0,
		srt_grp=0,
		usr_flg=0,
		spatialprops={
			pos={
				0,
				0,
				0
			},
			orient={
				{
					1,
					0,
					0
				},
				{
					0,
					1,
					0
				},
				{
					0,
					0,
					1
				}
			}
		},
		audioprops={
			attenuation=-1,
			pan=0,
			dmin=50,
			dmax=1000,
			ain=360,
			aout=360,
			atout=0,
			rmix=0
		},
		userprops={
			category="Audio"
		}
	},
	{
		entity_name="dx_s067b_1901_juni_28",
		type=SOUND,
		template_name="dx_s067b_1901_juni",
		lt_grp=0,
		srt_grp=0,
		usr_flg=0,
		spatialprops={
			pos={
				0,
				0,
				0
			},
			orient={
				{
					1,
					0,
					0
				},
				{
					0,
					1,
					0
				},
				{
					0,
					0,
					1
				}
			}
		},
		audioprops={
			attenuation=-1,
			pan=0,
			dmin=50,
			dmax=1000,
			ain=360,
			aout=360,
			atout=0,
			rmix=0
		},
		userprops={
			category="Audio"
		}
	},
	{
		entity_name="dx_s067b_2001_King_29",
		type=SOUND,
		template_name="dx_s067b_2001_King",
		lt_grp=0,
		srt_grp=0,
		usr_flg=0,
		spatialprops={
			pos={
				0,
				0,
				0
			},
			orient={
				{
					1,
					0,
					0
				},
				{
					0,
					1,
					0
				},
				{
					0,
					0,
					1
				}
			}
		},
		audioprops={
			attenuation=-1,
			pan=0,
			dmin=50,
			dmax=1000,
			ain=360,
			aout=360,
			atout=0,
			rmix=0
		},
		userprops={
			category="Audio"
		}
	},
	{
		entity_name="Char_Trent",
		type=DEFORMABLE,
		template_name="trent",
		lt_grp=0,
		srt_grp=0,
		usr_flg=0,
		flags=LIT_DYNAMIC,
		spatialprops={
			pos={
				1.700217,
				0,
				0
			},
			orient={
				{
					1,
					0,
					0
				},
				{
					0,
					1,
					0
				},
				{
					0,
					0,
					1
				}
			}
		},
		compoundprops={
			floor_height=0
		},
		userprops={
			actor="player",
			category="Character"
		}
	},
	{
		entity_name="Char_Orillion",
		type=DEFORMABLE,
		template_name="orillion",
		lt_grp=0,
		srt_grp=0,
		usr_flg=0,
		flags=LIT_DYNAMIC,
		spatialprops={
			pos={
				0.850109,
				0,
				0
			},
			orient={
				{
					1,
					0,
					0
				},
				{
					0,
					1,
					0
				},
				{
					0,
					0,
					1
				}
			}
		},
		compoundprops={
			floor_height=0
		},
		userprops={
			actor="orillion",
			category="Character"
		}
	},
	{
		entity_name="Char_Juni",
		type=DEFORMABLE,
		template_name="juni",
		lt_grp=0,
		srt_grp=0,
		usr_flg=0,
		flags=LIT_DYNAMIC,
		spatialprops={
			pos={
				-0.618261,
				0,
				0
			},
			orient={
				{
					1,
					0,
					0
				},
				{
					0,
					1,
					0
				},
				{
					0,
					0,
					1
				}
			}
		},
		compoundprops={
			floor_height=0
		},
		userprops={
			actor="juni",
			category="Character"
		}
	},
	{
		entity_name="Char_Akira",
		type=DEFORMABLE,
		template_name="akiro",
		lt_grp=0,
		srt_grp=0,
		usr_flg=0,
		flags=LIT_DYNAMIC,
		spatialprops={
			pos={
				-1.391087,
				0,
				0
			},
			orient={
				{
					1,
					0,
					0
				},
				{
					0,
					1,
					0
				},
				{
					0,
					0,
					1
				}
			}
		},
		compoundprops={
			floor_height=0
		},
		userprops={
			actor="akira",
			category="Character"
		}
	},
	{
		entity_name="Char_King",
		type=DEFORMABLE,
		template_name="king",
		lt_grp=0,
		srt_grp=0,
		usr_flg=0,
		flags=LIT_DYNAMIC,
		spatialprops={
			pos={
				0,
				0,
				0
			},
			orient={
				{
					1,
					0,
					0
				},
				{
					0,
					1,
					0
				},
				{
					0,
					0,
					1
				}
			}
		},
		compoundprops={
			floor_height=0
		},
		userprops={
			actor="king",
			category="Character"
		}
	},
	{
		entity_name="Cam_02_Wide_A",
		type=CAMERA,
		template_name="",
		lt_grp=0,
		srt_grp=0,
		usr_flg=0,
		flags=HIDDEN,
		spatialprops={
			pos={
				-12.358344,
				2.379873,
				-11.818358
			},
			orient={
				{
					0.532127,
					0,
					-0.846665
				},
				{
					-0.376933,
					0.895432,
					-0.236902
				},
				{
					0.758131,
					0.445198,
					0.476483
				}
			}
		},
		cameraprops={
			fovh=30,
			hvaspect=1.85,
			nearplane=0.4,
			farplane=500
		}
	},
	{
		entity_name="Cam_Monitor",
		type=MONITOR,
		template_name="",
		lt_grp=0,
		srt_grp=0,
		usr_flg=0,
		userprops={
			Priority="Monitor_Moving_1"
		}
	},
	{
		entity_name="Char_J_Mk_loc_01_endA",
		type=MARKER,
		template_name="",
		lt_grp=0,
		srt_grp=0,
		usr_flg=0,
		spatialprops={
			pos={
				-15.106161,
				0.959241,
				-13.040956
			},
			orient={
				{
					0.433562,
					0,
					0.901124
				},
				{
					0,
					1,
					0
				},
				{
					-0.901124,
					0,
					0.433562
				}
			}
		}
	},
	{
		entity_name="Char_K_Mk_loc_01_endA",
		type=MARKER,
		template_name="",
		lt_grp=0,
		srt_grp=0,
		usr_flg=0,
		spatialprops={
			pos={
				-14.551408,
				0,
				-12.143326
			},
			orient={
				{
					0.953179,
					0,
					0.302406
				},
				{
					0,
					1,
					0
				},
				{
					-0.302406,
					0,
					0.953179
				}
			}
		}
	},
	{
		entity_name="Char_O_Mk_loc_01_endA",
		type=MARKER,
		template_name="",
		lt_grp=0,
		srt_grp=0,
		usr_flg=0,
		spatialprops={
			pos={
				-13.997877,
				0.972884,
				-13.768309
			},
			orient={
				{
					-0.99639,
					0,
					-0.084892
				},
				{
					0,
					1,
					0
				},
				{
					0.084892,
					0,
					-0.99639
				}
			}
		}
	},
	{
		entity_name="Char_J_Mk_ort_01",
		type=MARKER,
		template_name="",
		lt_grp=0,
		srt_grp=0,
		usr_flg=0,
		spatialprops={
			pos={
				-15.196425,
				0.949207,
				-12.573386
			},
			orient={
				{
					-0.928735,
					0,
					0.370745
				},
				{
					0,
					1,
					0
				},
				{
					-0.370745,
					0,
					-0.928735
				}
			}
		}
	},
	{
		entity_name="Char_T_Mk_ort_01",
		type=MARKER,
		template_name="",
		lt_grp=0,
		srt_grp=0,
		usr_flg=0,
		spatialprops={
			pos={
				-13.97156,
				0.946497,
				-12.64766
			},
			orient={
				{
					-0.8045560000000001,
					0,
					-0.593877
				},
				{
					0,
					1,
					0
				},
				{
					0.593877,
					0,
					-0.8045560000000001
				}
			}
		}
	},
	{
		entity_name="Char_T_Mk_loc_01_endA",
		type=MARKER,
		template_name="",
		lt_grp=0,
		srt_grp=0,
		usr_flg=0,
		spatialprops={
			pos={
				-13.464234,
				0.972884,
				-12.513701
			},
			orient={
				{
					0.46584,
					0,
					-0.884869
				},
				{
					0,
					1,
					0
				},
				{
					0.884869,
					0,
					0.46584
				}
			}
		}
	},
	{
		entity_name="dx_s067b_1401_Trent_1",
		type=SOUND,
		template_name="dx_s067b_1401_Trent",
		lt_grp=0,
		srt_grp=0,
		usr_flg=0,
		spatialprops={
			pos={
				0,
				0,
				0
			},
			orient={
				{
					1,
					0,
					0
				},
				{
					0,
					1,
					0
				},
				{
					0,
					0,
					1
				}
			}
		},
		audioprops={
			attenuation=0,
			pan=0,
			dmin=50,
			dmax=300,
			ain=360,
			aout=360,
			atout=0,
			rmix=0
		},
		userprops={
			category="Audio"
		}
	},
	{
		entity_name="Char_T_Mk_IKhead_Oril",
		type=MARKER,
		template_name="",
		lt_grp=0,
		srt_grp=0,
		usr_flg=0,
		spatialprops={
			pos={
				-14.048436,
				1.752594,
				-13.313724
			},
			orient={
				{
					0.994663,
					0.037026,
					0.096307
				},
				{
					0.098525,
					-0.06367,
					-0.993096
				},
				{
					-0.030638,
					0.997284,
					-0.066978
				}
			}
		}
	},
	{
		entity_name="Char_O_Mk_IKhead_Tr",
		type=MARKER,
		template_name="",
		lt_grp=0,
		srt_grp=0,
		usr_flg=0,
		spatialprops={
			pos={
				-13.997877,
				0.972884,
				-13.768309
			},
			orient={
				{
					-0.99639,
					0,
					-0.084892
				},
				{
					0,
					1,
					0
				},
				{
					0.084892,
					0,
					-0.99639
				}
			}
		}
	},
	{
		entity_name="Char_K_Mk_IKhead_Tr",
		type=MARKER,
		template_name="",
		lt_grp=0,
		srt_grp=0,
		usr_flg=0,
		spatialprops={
			pos={
				-13.796779,
				1.747542,
				-12.694289
			},
			orient={
				{
					-0.475684,
					0.037026,
					0.878837
				},
				{
					0.87653,
					-0.06367,
					0.477118
				},
				{
					0.07362100000000001,
					0.997284,
					-0.002167
				}
			}
		}
	},
	{
		entity_name="Mk_loc_offscreen",
		type=MARKER,
		template_name="",
		lt_grp=0,
		srt_grp=0,
		usr_flg=0,
		spatialprops={
			pos={
				-29.415314,
				0,
				-15.202431
			},
			orient={
				{
					-0.978156,
					0,
					0.20787
				},
				{
					0,
					1,
					0
				},
				{
					-0.20787,
					0,
					-0.978156
				}
			}
		}
	},
	{
		entity_name="Char_T_Mk_IKhead",
		type=MARKER,
		template_name="",
		lt_grp=0,
		srt_grp=0,
		usr_flg=0,
		spatialprops={
			pos={
				-14.048436,
				1.752594,
				-13.313724
			},
			orient={
				{
					0.994663,
					0.037026,
					0.096307
				},
				{
					0.098525,
					-0.06367,
					-0.993096
				},
				{
					-0.030638,
					0.997284,
					-0.066978
				}
			}
		}
	},
	{
		entity_name="Char_T_Mk_IKhead_DN",
		type=MARKER,
		template_name="",
		lt_grp=0,
		srt_grp=0,
		usr_flg=0,
		spatialprops={
			pos={
				-13.994254,
				1.535584,
				-13.249864
			},
			orient={
				{
					0.994663,
					0.037026,
					0.096307
				},
				{
					0.098525,
					-0.06367,
					-0.993096
				},
				{
					-0.030638,
					0.997284,
					-0.066978
				}
			}
		}
	},
	{
		entity_name="Char_T_Mk_IKhead_Ak",
		type=MARKER,
		template_name="",
		lt_grp=0,
		srt_grp=0,
		usr_flg=0,
		spatialprops={
			pos={
				-14.048436,
				1.752594,
				-13.313724
			},
			orient={
				{
					0.994663,
					0.037026,
					0.096307
				},
				{
					0.098525,
					-0.06367,
					-0.993096
				},
				{
					-0.030638,
					0.997284,
					-0.066978
				}
			}
		}
	},
	{
		entity_name="Char_A_Mk_IKhead",
		type=MARKER,
		template_name="",
		lt_grp=0,
		srt_grp=0,
		usr_flg=0,
		spatialprops={
			pos={
				-15.109439,
				0,
				-15.870104
			},
			orient={
				{
					-0.978156,
					0,
					0.20787
				},
				{
					0,
					1,
					0
				},
				{
					-0.20787,
					0,
					-0.978156
				}
			}
		}
	},
	{
		entity_name="Char_J_Mk_IKhead",
		type=MARKER,
		template_name="",
		lt_grp=0,
		srt_grp=0,
		usr_flg=0,
		spatialprops={
			pos={
				-14.008325,
				1.553405,
				-13.759858
			},
			orient={
				{
					0.433562,
					0,
					0.901124
				},
				{
					0,
					1,
					0
				},
				{
					-0.901124,
					0,
					0.433562
				}
			}
		}
	},
	{
		entity_name="Char_J_Mk_IKhead_DN",
		type=MARKER,
		template_name="",
		lt_grp=0,
		srt_grp=0,
		usr_flg=0,
		spatialprops={
			pos={
				-14.008325,
				1.46261,
				-13.759858
			},
			orient={
				{
					0.433562,
					0,
					0.901124
				},
				{
					0,
					1,
					0
				},
				{
					-0.901124,
					0,
					0.433562
				}
			}
		}
	},
	{
		entity_name="Char_A_Mk_loc_01",
		type=MARKER,
		template_name="",
		lt_grp=0,
		srt_grp=0,
		usr_flg=0,
		spatialprops={
			pos={
				-15.387783,
				0,
				-17.247791
			},
			orient={
				{
					-0.978156,
					0,
					0.20787
				},
				{
					0,
					1,
					0
				},
				{
					-0.20787,
					0,
					-0.978156
				}
			}
		}
	},
	{
		entity_name="Char_J_Mk_IKhead_Ak",
		type=MARKER,
		template_name="",
		lt_grp=0,
		srt_grp=0,
		usr_flg=0,
		spatialprops={
			pos={
				-14.048436,
				1.752594,
				-13.313724
			},
			orient={
				{
					0.994663,
					0.037026,
					0.096307
				},
				{
					0.098525,
					-0.06367,
					-0.993096
				},
				{
					-0.030638,
					0.997284,
					-0.066978
				}
			}
		}
	},
	{
		entity_name="Char_K_Mk_IKhead",
		type=MARKER,
		template_name="",
		lt_grp=0,
		srt_grp=0,
		usr_flg=0,
		spatialprops={
			pos={
				-13.796779,
				1.747542,
				-12.694289
			},
			orient={
				{
					-0.475684,
					0.037026,
					0.878837
				},
				{
					0.87653,
					-0.06367,
					0.477118
				},
				{
					0.07362100000000001,
					0.997284,
					-0.002167
				}
			}
		}
	},
	{
		entity_name="Char_K_Mk_IKhead_DN",
		type=MARKER,
		template_name="",
		lt_grp=0,
		srt_grp=0,
		usr_flg=0,
		spatialprops={
			pos={
				-13.992476,
				1.476635,
				-13.750566
			},
			orient={
				{
					-0.475684,
					0.037026,
					0.878837
				},
				{
					0.87653,
					-0.06367,
					0.477118
				},
				{
					0.07362100000000001,
					0.997284,
					-0.002167
				}
			}
		}
	},
	{
		entity_name="Char_O_Mk_IKhead",
		type=MARKER,
		template_name="",
		lt_grp=0,
		srt_grp=0,
		usr_flg=0,
		spatialprops={
			pos={
				-13.997877,
				0.972884,
				-13.768309
			},
			orient={
				{
					-0.99639,
					0,
					-0.084892
				},
				{
					0,
					1,
					0
				},
				{
					0.084892,
					0,
					-0.99639
				}
			}
		}
	},
	{
		entity_name="Char_O_Mk_IKhead_J",
		type=MARKER,
		template_name="",
		lt_grp=0,
		srt_grp=0,
		usr_flg=0,
		spatialprops={
			pos={
				-13.997877,
				0.972884,
				-13.768309
			},
			orient={
				{
					-0.99639,
					0,
					-0.084892
				},
				{
					0,
					1,
					0
				},
				{
					0.084892,
					0,
					-0.99639
				}
			}
		}
	},
	{
		entity_name="Char_O_Mk_IKhead_K",
		type=MARKER,
		template_name="",
		lt_grp=0,
		srt_grp=0,
		usr_flg=0,
		spatialprops={
			pos={
				-13.997877,
				0.972884,
				-13.768309
			},
			orient={
				{
					-0.99639,
					0,
					-0.084892
				},
				{
					0,
					1,
					0
				},
				{
					0.084892,
					0,
					-0.99639
				}
			}
		}
	},
	{
		entity_name="Char_O_Mk_IKhead_DN",
		type=MARKER,
		template_name="",
		lt_grp=0,
		srt_grp=0,
		usr_flg=0,
		spatialprops={
			pos={
				-14.727038,
				1.482738,
				-12.630815
			},
			orient={
				{
					-0.99639,
					0,
					-0.084892
				},
				{
					0,
					1,
					0
				},
				{
					0.084892,
					0,
					-0.99639
				}
			}
		}
	},
	{
		entity_name="Char_O_Mk_IKhead_Fwd",
		type=MARKER,
		template_name="",
		lt_grp=0,
		srt_grp=0,
		usr_flg=0,
		spatialprops={
			pos={
				-14.105317,
				1.717299,
				-12.757112
			},
			orient={
				{
					-0.991986,
					0,
					-0.126345
				},
				{
					0,
					1,
					0
				},
				{
					0.126345,
					0,
					-0.991986
				}
			}
		}
	},
	{
		entity_name="Cam_01_PCO_orl",
		type=CAMERA,
		template_name="",
		lt_grp=0,
		srt_grp=0,
		usr_flg=0,
		flags=HIDDEN,
		spatialprops={
			pos={
				-13.80922,
				1.756581,
				-14.463538
			},
			orient={
				{
					-0.99991,
					0,
					-0.013411
				},
				{
					-0.001826,
					0.990688,
					0.136138
				},
				{
					0.013287,
					0.136151,
					-0.990599
				}
			}
		},
		cameraprops={
			fovh=20,
			hvaspect=1.85,
			nearplane=0.4,
			farplane=500
		}
	},
	{
		entity_name="Cam_04_ACS_Orl_A",
		type=CAMERA,
		template_name="",
		lt_grp=0,
		srt_grp=0,
		usr_flg=0,
		spatialprops={
			pos={
				-14.091872,
				1.677161,
				-12.462659
			},
			orient={
				{
					0.999528,
					0,
					0.030721
				},
				{
					0.0018,
					0.998282,
					-0.05856
				},
				{
					-0.030668,
					0.058588,
					0.997811
				}
			}
		},
		cameraprops={
			fovh=20,
			hvaspect=1.85,
			nearplane=0.4,
			farplane=500
		}
	},
	{
		entity_name="Cam_06_Wide_Ak_walkup",
		type=CAMERA,
		template_name="",
		lt_grp=0,
		srt_grp=0,
		usr_flg=0,
		flags=HIDDEN,
		spatialprops={
			pos={
				-11.757577,
				1.816306,
				-12.340499
			},
			orient={
				{
					0.283511,
					0,
					-0.958969
				},
				{
					-0.197682,
					0.978523,
					-0.058443
				},
				{
					0.938373,
					0.20614,
					0.277422
				}
			}
		},
		cameraprops={
			fovh=25,
			hvaspect=1.85,
			nearplane=0.4,
			farplane=500
		}
	},
	{
		entity_name="Cam_05_Wide_A",
		type=CAMERA,
		template_name="",
		lt_grp=0,
		srt_grp=0,
		usr_flg=0,
		spatialprops={
			pos={
				-12.284702,
				1.758954,
				-13.777498
			},
			orient={
				{
					-0.38236,
					-1e-006,
					-0.924013
				},
				{
					-0.213122,
					0.973037,
					0.08819
				},
				{
					0.899099,
					0.230648,
					-0.372051
				}
			}
		},
		cameraprops={
			fovh=30,
			hvaspect=1.85,
			nearplane=0.3,
			farplane=500
		}
	},
	{
		entity_name="Cam_07_Wide",
		type=CAMERA,
		template_name="",
		lt_grp=0,
		srt_grp=0,
		usr_flg=0,
		flags=HIDDEN,
		spatialprops={
			pos={
				-13.35093,
				1.751392,
				-15.161396
			},
			orient={
				{
					-0.844256,
					0,
					-0.53594
				},
				{
					-0.123283,
					0.973183,
					0.194206
				},
				{
					0.521567,
					0.230032,
					-0.821616
				}
			}
		},
		cameraprops={
			fovh=30,
			hvaspect=1.85,
			nearplane=0.4,
			farplane=500
		}
	},
	{
		entity_name="Cam_08_ACS_Ak",
		type=CAMERA,
		template_name="",
		lt_grp=0,
		srt_grp=0,
		usr_flg=0,
		flags=HIDDEN,
		spatialprops={
			pos={
				-14.058275,
				1.650437,
				-13.209808
			},
			orient={
				{
					0.738904,
					0,
					-0.67381
				},
				{
					-0.003654,
					0.999985,
					-0.004007
				},
				{
					0.6738,
					0.005422,
					0.738893
				}
			}
		},
		cameraprops={
			fovh=20,
			hvaspect=1.85,
			nearplane=0.4,
			farplane=500
		}
	},
	{
		entity_name="Cam_10_Wide_A",
		type=CAMERA,
		template_name="",
		lt_grp=0,
		srt_grp=0,
		usr_flg=0,
		flags=HIDDEN,
		spatialprops={
			pos={
				-13.840111,
				1.656968,
				-16.040052
			},
			orient={
				{
					-0.9334710000000001,
					0,
					-0.358652
				},
				{
					-0.071492,
					0.979931,
					0.186074
				},
				{
					0.351454,
					0.199335,
					-0.9147380000000001
				}
			}
		},
		cameraprops={
			fovh=30,
			hvaspect=1.85,
			nearplane=0.4,
			farplane=500
		}
	},
	{
		entity_name="Cam_02_Wide_B",
		type=CAMERA,
		template_name="",
		lt_grp=0,
		srt_grp=0,
		usr_flg=0,
		flags=HIDDEN,
		spatialprops={
			pos={
				-13.313508,
				2.379873,
				-11.116221
			},
			orient={
				{
					0.894342,
					0,
					-0.447385
				},
				{
					-0.202131,
					0.8921170000000001,
					-0.404068
				},
				{
					0.399119,
					0.451805,
					0.797857
				}
			}
		},
		cameraprops={
			fovh=30,
			hvaspect=1.85,
			nearplane=0.4,
			farplane=500
		}
	},
	{
		entity_name="Char_O_Mk_IKhead_DN_sad",
		type=MARKER,
		template_name="",
		lt_grp=0,
		srt_grp=0,
		usr_flg=0,
		spatialprops={
			pos={
				-14.138078,
				1.215064,
				-12.62737
			},
			orient={
				{
					-0.99639,
					0,
					-0.084892
				},
				{
					0,
					1,
					0
				},
				{
					0.084892,
					0,
					-0.99639
				}
			}
		}
	},
	{
		entity_name="Cam_03_Low_Dolly_A",
		type=CAMERA,
		template_name="",
		lt_grp=0,
		srt_grp=0,
		usr_flg=0,
		spatialprops={
			pos={
				-12.673092,
				1.657103,
				-15.937849
			},
			orient={
				{
					-0.890295,
					0,
					-0.455384
				},
				{
					-0.053775,
					0.993003,
					0.105133
				},
				{
					0.452197,
					0.118087,
					-0.884066
				}
			}
		},
		cameraprops={
			fovh=20,
			hvaspect=1.85,
			nearplane=0.4,
			farplane=500
		}
	}
	,
	{
		entity_name="Cam_03_Low_Dolly_B",
		type=CAMERA,
		template_name="",
		lt_grp=0,
		srt_grp=0,
		usr_flg=0,
		spatialprops={
			pos={
				-12.611235,
				1.309554,
				-15.930874
			},
			orient={
				{
					-0.878063,
					0,
					-0.478545
				},
				{
					-0.012791,
					0.999643,
					0.023469
				},
				{
					0.478374,
					0.026728,
					-0.87775
				}
			}
		},
		cameraprops={
			fovh=20,
			hvaspect=1.85,
			nearplane=0.4,
			farplane=500
		}
	},
	{
		entity_name="Cam_04_ACS_Orl_B",
		type=CAMERA,
		template_name="",
		lt_grp=0,
		srt_grp=0,
		usr_flg=0,
		flags=HIDDEN,
		spatialprops={
			pos={
				-14.120296,
				1.60428,
				-12.990458
			},
			orient={
				{
					0.996875,
					0,
					0.078994
				},
				{
					-0.007745,
					0.995182,
					0.097741
				},
				{
					-0.078613,
					-0.098048,
					0.992072
				}
			}
		},
		cameraprops={
			fovh=20,
			hvaspect=1.85,
			nearplane=0.4,
			farplane=500
		}
	},
	{
		entity_name="Cam_02_Path",
		type=MOTION_PATH,
		template_name="",
		lt_grp=0,
		srt_grp=0,
		usr_flg=0,
		spatialprops={
			pos={
				-13.313508,
				2.379873,
				-11.116221
			},
			orient={
				{
					0.894342,
					0,
					-0.447385
				},
				{
					-0.202131,
					0.8921170000000001,
					-0.404068
				},
				{
					0.399119,
					0.451805,
					0.797857
				}
			}
		},
		pathprops={
			path_type="CV_CROrientationSplinePath",
			path_data="OPEN, { 1.168368, 0.090643, -0.178980 }, { 0.962980, 0.003559, 0.240917, 0.120893 }, { 0.619591, -0.044803, 0.088466 }, { 0.990680, 0.006800, 0.121896, 0.060399 }, { 0.000000, 0.000000, 0.000000 }, { 1.000000, 0.000000, 0.000000, 0.000000 }, "
		}
	},
	{
		entity_name="Cam_10_Wide_B",
		type=CAMERA,
		template_name="",
		lt_grp=0,
		srt_grp=0,
		usr_flg=0,
		flags=HIDDEN,
		spatialprops={
			pos={
				-13.902965,
				1.952279,
				-15.883742
			},
			orient={
				{
					-0.931855,
					0,
					-0.362831
				},
				{
					-0.09389699999999999,
					0.965934,
					0.241154
				},
				{
					0.350471,
					0.25879,
					-0.90011
				}
			}
		},
		cameraprops={
			fovh=30,
			hvaspect=1.85,
			nearplane=0.4,
			farplane=500
		}
	},
	{
		entity_name="Char_T_Mk_IKtorso",
		type=MARKER,
		template_name="",
		lt_grp=0,
		srt_grp=0,
		usr_flg=0,
		spatialprops={
			pos={
				-14.017138,
				1.214594,
				-12.779155
			},
			orient={
				{
					0.309629,
					-0.013156,
					-0.950766
				},
				{
					-0.94042,
					-0.151985,
					-0.304157
				},
				{
					-0.140501,
					0.988295,
					-0.059431
				}
			}
		}
	},
	{
		entity_name="Char_A_Mk_IKeyes",
		type=MARKER,
		template_name="",
		lt_grp=0,
		srt_grp=0,
		usr_flg=0,
		spatialprops={
			pos={
				-15.109439,
				0,
				-15.870104
			},
			orient={
				{
					-0.978156,
					0,
					0.20787
				},
				{
					0,
					1,
					0
				},
				{
					-0.20787,
					0,
					-0.978156
				}
			}
		}
	},
	{
		entity_name="Char_A_Mk_IKeyes_RT",
		type=MARKER,
		template_name="",
		lt_grp=0,
		srt_grp=0,
		usr_flg=0,
		spatialprops={
			pos={
				-16.31325,
				1.733517,
				-14.970926
			},
			orient={
				{
					-0.978156,
					0,
					0.20787
				},
				{
					0,
					1,
					0
				},
				{
					-0.20787,
					0,
					-0.978156
				}
			}
		}
	},
	{
		entity_name="Char_J_Mk_IKeyes",
		type=MARKER,
		template_name="",
		lt_grp=0,
		srt_grp=0,
		usr_flg=0,
		spatialprops={
			pos={
				-14.008325,
				1.553405,
				-13.759858
			},
			orient={
				{
					0.433562,
					0,
					0.901124
				},
				{
					0,
					1,
					0
				},
				{
					-0.901124,
					0,
					0.433562
				}
			}
		}
	},
	{
		entity_name="Char_K_Mk_IKeyes",
		type=MARKER,
		template_name="",
		lt_grp=0,
		srt_grp=0,
		usr_flg=0,
		spatialprops={
			pos={
				-13.796779,
				1.747542,
				-12.694289
			},
			orient={
				{
					-0.475684,
					0.037026,
					0.878837
				},
				{
					0.87653,
					-0.06367,
					0.477118
				},
				{
					0.07362100000000001,
					0.997284,
					-0.002167
				}
			}
		}
	},
	{
		entity_name="Char_O_Mk_IKeyes",
		type=MARKER,
		template_name="",
		lt_grp=0,
		srt_grp=0,
		usr_flg=0,
		spatialprops={
			pos={
				-13.997877,
				0.972884,
				-13.768309
			},
			orient={
				{
					-0.99639,
					0,
					-0.084892
				},
				{
					0,
					1,
					0
				},
				{
					0.084892,
					0,
					-0.99639
				}
			}
		}
	},
	{
		entity_name="Char_T_Mk_IKeyes",
		type=MARKER,
		template_name="",
		lt_grp=0,
		srt_grp=0,
		usr_flg=0,
		spatialprops={
			pos={
				-14.048436,
				1.752594,
				-13.313724
			},
			orient={
				{
					0.994663,
					0.037026,
					0.096307
				},
				{
					0.098525,
					-0.06367,
					-0.993096
				},
				{
					-0.030638,
					0.997284,
					-0.066978
				}
			}
		}
	},
	{
		entity_name="Cam_04_Path",
		type=MOTION_PATH,
		template_name="",
		lt_grp=0,
		srt_grp=0,
		usr_flg=0,
		spatialprops={
			pos={
				-14.091581,
				1.703172,
				-12.464746
			},
			orient={
				{
					0.999528,
					0,
					0.030722
				},
				{
					0.002469,
					0.996767,
					-0.080313
				},
				{
					-0.030622,
					0.08035100000000001,
					0.996296
				}
			}
		},
		pathprops={
			path_type="CV_CROrientationSplinePath",
			path_data="OPEN, { -0.000227, -0.026095, -0.000001 }, { 0.999941, 0.010908, 0.000000, 0.000000 }, { -0.022426, -0.028210, -0.265415 }, { 0.999440, 0.031200, -0.012099, -0.000055 }, { -0.044852, -0.056422, -0.530830 }, { 0.995722, 0.089177, -0.024172, 0.000215 }, "
		}
	},
	{
		entity_name="Cam_09_PCU",
		type=CAMERA,
		template_name="",
		lt_grp=0,
		srt_grp=0,
		usr_flg=0,
		flags=HIDDEN,
		spatialprops={
			pos={
				-14.388788,
				1.766091,
				-13.398668
			},
			orient={
				{
					-0.8600060000000001,
					0,
					0.510284
				},
				{
					0.07671600000000001,
					0.988634,
					0.129293
				},
				{
					-0.504484,
					0.15034,
					-0.850231
				}
			}
		},
		cameraprops={
			fovh=25,
			hvaspect=1.85,
			nearplane=0.4,
			farplane=500
		}
	},
	{
		entity_name="Cam_05_Wide_B",
		type=CAMERA,
		template_name="",
		lt_grp=0,
		srt_grp=0,
		usr_flg=0,
		spatialprops={
			pos={
				-12.350678,
				1.759487,
				-13.920375
			},
			orient={
				{
					-0.459606,
					0,
					-0.888123
				},
				{
					-0.208351,
					0.972093,
					0.107822
				},
				{
					0.8633380000000001,
					0.234597,
					-0.446779
				}
			}
		},
		cameraprops={
			fovh=30,
			hvaspect=1.85,
			nearplane=0.4,
			farplane=500
		}
	},
	{
		entity_name="Char_J_Mk_IKeyes_WalkAway",
		type=MARKER,
		template_name="",
		lt_grp=0,
		srt_grp=0,
		usr_flg=0,
		spatialprops={
			pos={
				-15.334048,
				1.724458,
				-11.020156
			},
			orient={
				{
					0.433562,
					0,
					0.901124
				},
				{
					0,
					1,
					0
				},
				{
					-0.901124,
					0,
					0.433562
				}
			}
		}
	},
	{
		entity_name="Char_O_Mk_IKeyes_leave",
		type=MARKER,
		template_name="",
		lt_grp=0,
		srt_grp=0,
		usr_flg=0,
		spatialprops={
			pos={
				-5.534922,
				1.717299,
				-13.299881
			},
			orient={
				{
					-0.99639,
					0,
					-0.084892
				},
				{
					0,
					1,
					0
				},
				{
					0.084892,
					0,
					-0.99639
				}
			}
		}
	},
	{
		entity_name="Char_T_Mk_IKeyes_Ak",
		type=MARKER,
		template_name="",
		lt_grp=0,
		srt_grp=0,
		usr_flg=0,
		spatialprops={
			pos={
				-14.978934,
				1.724915,
				-13.784451
			},
			orient={
				{
					0.994663,
					0.037026,
					0.096307
				},
				{
					0.098525,
					-0.06367,
					-0.993096
				},
				{
					-0.030638,
					0.997284,
					-0.066978
				}
			}
		}
	},
	{
		entity_name="Cam_Monitor_static",
		type=MONITOR,
		template_name="",
		lt_grp=0,
		srt_grp=0,
		usr_flg=0,
		userprops={
			Priority="Monitor_Static_1"
		}
	},
	{
		entity_name="Cam_static_02_Wide_A",
		type=CAMERA,
		template_name="",
		lt_grp=0,
		srt_grp=0,
		usr_flg=0,
		flags=HIDDEN,
		spatialprops={
			pos={
				-12.446869,
				2.379873,
				-11.664248
			},
			orient={
				{
					0.59405,
					0.000113,
					-0.804428
				},
				{
					-0.356343,
					0.89657,
					-0.263025
				},
				{
					0.721196,
					0.442902,
					0.532648
				}
			}
		},
		cameraprops={
			fovh=30,
			hvaspect=1.85,
			nearplane=0.4,
			farplane=4000
		}
	},
	{
		entity_name="Cam_static_03_Low_Dolly_A",
		type=CAMERA,
		template_name="",
		lt_grp=0,
		srt_grp=0,
		usr_flg=0,
		spatialprops={
			pos={
				-12.655369,
				1.473408,
				-15.940942
			},
			orient={
				{
					-0.888559,
					8.500000000000001e-005,
					-0.458763
				},
				{
					-0.032696,
					0.997445,
					0.063512
				},
				{
					0.457597,
					0.071434,
					-0.886286
				}
			}
		},
		cameraprops={
			fovh=20,
			hvaspect=1.85,
			nearplane=0.4,
			farplane=500
		}
	},
	{
		entity_name="Cam_static_04_ACS_Orl_A",
		type=CAMERA,
		template_name="",
		lt_grp=0,
		srt_grp=0,
		usr_flg=0,
		spatialprops={
			pos={
				-14.092848,
				1.698811,
				-12.487931
			},
			orient={
				{
					0.99946,
					0.000151,
					0.032849
				},
				{
					0.002324,
					0.997159,
					-0.07528500000000001
				},
				{
					-0.032768,
					0.075321,
					0.996621
				}
			}
		},
		cameraprops={
			fovh=20,
			hvaspect=1.85,
			nearplane=0.4,
			farplane=500
		}
	},
	{
		entity_name="Cam_static_05_Wide_A",
		type=CAMERA,
		template_name="",
		lt_grp=0,
		srt_grp=0,
		usr_flg=0,
		spatialprops={
			pos={
				-12.33045,
				1.759324,
				-13.876569
			},
			orient={
				{
					-0.436249,
					3.6e-005,
					-0.899826
				},
				{
					-0.209992,
					0.972384,
					0.101847
				},
				{
					0.87498,
					0.233387,
					-0.424194
				}
			}
		},
		cameraprops={
			fovh=30,
			hvaspect=1.85,
			nearplane=0.4,
			farplane=4000
		}
	},
	{
		entity_name="Cam_static_10_Wide_A",
		type=CAMERA,
		template_name="",
		lt_grp=0,
		srt_grp=0,
		usr_flg=0,
		flags=HIDDEN,
		spatialprops={
			pos={
				-13.853645,
				1.720564,
				-16.006386
			},
			orient={
				{
					-0.933125,
					-2.3e-005,
					-0.359552
				},
				{
					-0.076321,
					0.977225,
					0.198008
				},
				{
					0.351359,
					0.212208,
					-0.911874
				}
			}
		},
		cameraprops={
			fovh=30,
			hvaspect=1.85,
			nearplane=0.4,
			farplane=4000
		}
	},
	{
		entity_name="ship_levitation_12",
		type=SOUND,
		template_name="ship_levitation",
		lt_grp=0,
		srt_grp=0,
		usr_flg=0,
		flags=SPATIAL,
		spatialprops={
			pos={
				0,
				0,
				0
			},
			orient={
				{
					1,
					0,
					0
				},
				{
					0,
					1,
					0
				},
				{
					0,
					0,
					1
				}
			}
		},
		audioprops={
			attenuation=0,
			pan=0,
			dmin=20,
			dmax=100,
			ain=360,
			aout=360,
			atout=0,
			rmix=0
		},
		userprops={
			category="Audio",
			Priority="Story_Sound_1"
		}
	},
	{
		entity_name="X/Shipcentre/01",
		type=MARKER,
		template_name="",
		lt_grp=0,
		srt_grp=0,
		usr_flg=0,
		flags=REFERENCE,
		spatialprops={
			pos={
				0,
				0,
				0
			},
			orient={
				{
					0.879033,
					0,
					-0.476761
				},
				{
					0,
					1,
					0
				},
				{
					0.476761,
					0,
					0.879033
				}
			}
		}
	},
	{
		entity_name="rtc_ambience_deck_space_larger_13",
		type=SOUND,
		template_name="ambience_deck_space_larger",
		lt_grp=0,
		srt_grp=0,
		usr_flg=0,
		spatialprops={
			pos={
				0,
				0,
				0
			},
			orient={
				{
					1,
					0,
					0
				},
				{
					0,
					1,
					0
				},
				{
					0,
					0,
					1
				}
			}
		},
		audioprops={
			attenuation=-10,
			pan=0,
			dmin=50,
			dmax=300,
			ain=360,
			aout=360,
			atout=0,
			rmix=0
		},
		userprops={
			category="Audio",
			Priority="Story_Sound_1"
		}
	},
	{
		entity_name="Char_Orillion_sfx_fturn_male03_14",
		type=SOUND,
		template_name="sfx_fturn_male03",
		lt_grp=0,
		srt_grp=0,
		usr_flg=0,
		spatialprops={
			pos={
				0,
				0,
				0
			},
			orient={
				{
					1,
					0,
					0
				},
				{
					0,
					1,
					0
				},
				{
					0,
					0,
					1
				}
			}
		},
		audioprops={
			attenuation=-15,
			pan=24,
			dmin=50,
			dmax=300,
			ain=360,
			aout=360,
			atout=0,
			rmix=0
		},
		userprops={
			category="Audio",
			Priority="Steps_4"
		}
	},
	{
		entity_name="Char_Orillion_fs_ml_steel01_15",
		type=SOUND,
		template_name="fs_ml_steel01",
		lt_grp=0,
		srt_grp=0,
		usr_flg=0,
		spatialprops={
			pos={
				0,
				0,
				0
			},
			orient={
				{
					1,
					0,
					0
				},
				{
					0,
					1,
					0
				},
				{
					0,
					0,
					1
				}
			}
		},
		audioprops={
			attenuation=-22,
			pan=20,
			dmin=50,
			dmax=300,
			ain=360,
			aout=360,
			atout=0,
			rmix=0
		},
		userprops={
			category="Audio",
			Priority="Steps_4"
		}
	},
	{
		entity_name="Char_Orillion_fs_mr_steel01_16",
		type=SOUND,
		template_name="fs_mr_steel01",
		lt_grp=0,
		srt_grp=0,
		usr_flg=0,
		spatialprops={
			pos={
				0,
				0,
				0
			},
			orient={
				{
					1,
					0,
					0
				},
				{
					0,
					1,
					0
				},
				{
					0,
					0,
					1
				}
			}
		},
		audioprops={
			attenuation=-21,
			pan=-4,
			dmin=50,
			dmax=300,
			ain=360,
			aout=360,
			atout=0,
			rmix=0
		},
		userprops={
			category="Audio",
			Priority="Steps_4"
		}
	},
	{
		entity_name="Char_Orillion_fs_ml_steel02_17",
